0.000000000000000000e+00 6.405944928104484459e-01
1.000000000000000000e+00 7.450676239259104716e-02
2.000000000000000000e+00 7.596163464155061135e-03
3.000000000000000000e+00 6.031686460281304686e-04
4.000000000000000000e+00 6.344541863209413220e-05
5.000000000000000000e+00 6.652875994275540903e-06
6.000000000000000000e+00 7.410915785155424021e-07
7.000000000000000000e+00 8.652135111961153455e-08
8.000000000000000000e+00 1.018336320589291830e-08
9.000000000000000000e+00 1.170422193460367417e-09
1.000000000000000000e+01 1.272921192108271894e-10
1.100000000000000000e+01 1.316610551689063770e-11
1.200000000000000000e+01 1.334175453373212119e-12
1.300000000000000000e+01 1.447730325571672395e-13
1.400000000000000000e+01 1.841550570385975138e-14
1.500000000000000000e+01 2.700107318800464515e-15
1.600000000000000000e+01 6.723210450644136052e-16
1.700000000000000000e+01 5.688926568042474357e-16
1.800000000000000000e+01 5.699477770209868239e-16
1.900000000000000000e+01 5.451230290432263215e-16
2.000000000000000000e+01 4.836117156262975481e-16
2.100000000000000000e+01 6.071670617182419981e-16
2.200000000000000000e+01 4.917398380367630568e-16
2.300000000000000000e+01 4.898038501978198767e-16
2.400000000000000000e+01 5.143347481351466747e-16
2.500000000000000000e+01 4.855160167177416396e-16
2.600000000000000000e+01 5.972917427937243417e-16
2.700000000000000000e+01 5.531547182100640190e-16
2.800000000000000000e+01 5.074975885211696970e-16
2.900000000000000000e+01 5.511300691335455836e-16
3.000000000000000000e+01 5.516088062464083378e-16
3.100000000000000000e+01 5.026340375908851654e-16
3.200000000000000000e+01 5.589674056794084889e-16
3.300000000000000000e+01 6.024144235369825618e-16
3.400000000000000000e+01 5.753241845076470446e-16
3.500000000000000000e+01 5.371429989952391454e-16
3.600000000000000000e+01 5.482526852641916809e-16
3.700000000000000000e+01 5.470546910837361535e-16
3.800000000000000000e+01 5.120252308043399640e-16
3.900000000000000000e+01 5.325508721043906800e-16
4.000000000000000000e+01 5.394097194350183856e-16
4.100000000000000000e+01 5.069325138402272249e-16
4.200000000000000000e+01 5.506073899422146212e-16
4.300000000000000000e+01 4.852116277912966046e-16
4.400000000000000000e+01 5.037243162883631347e-16
4.500000000000000000e+01 5.351307783219085943e-16
4.600000000000000000e+01 5.162143551582012872e-16
4.700000000000000000e+01 4.646106591458746103e-16
4.800000000000000000e+01 5.559526290306642968e-16
4.900000000000000000e+01 5.570540675828136385e-16
5.000000000000000000e+01 5.968153377275826775e-16
5.100000000000000000e+01 5.304809304548836483e-16
5.200000000000000000e+01 4.839765557488842512e-16
5.300000000000000000e+01 4.860377687927093364e-16
5.400000000000000000e+01 5.348057477620700288e-16
5.500000000000000000e+01 5.390222529991260201e-16
5.600000000000000000e+01 5.722464883404301441e-16
5.700000000000000000e+01 5.493091996507522381e-16
5.800000000000000000e+01 6.018828239255816179e-16
5.900000000000000000e+01 5.743893395096502458e-16
6.000000000000000000e+01 5.728559572872873469e-16
6.100000000000000000e+01 5.757281354220366694e-16
6.200000000000000000e+01 6.097911342242093242e-16
6.300000000000000000e+01 5.231672906144971788e-16
6.400000000000000000e+01 5.234833981002043839e-16
6.500000000000000000e+01 5.022746609733263880e-16
6.600000000000000000e+01 4.791243533763495127e-16
6.700000000000000000e+01 5.927216678528445563e-16
6.800000000000000000e+01 6.020388084624912954e-16
6.900000000000000000e+01 4.948837626368487106e-16
7.000000000000000000e+01 5.408640212620379607e-16
7.100000000000000000e+01 5.476521048928887131e-16
7.200000000000000000e+01 5.645510629610086161e-16
7.300000000000000000e+01 6.487572094861254792e-16
7.400000000000000000e+01 4.491655446091885190e-16
7.500000000000000000e+01 5.351994106934916718e-16
7.600000000000000000e+01 5.885767974492926874e-16
7.700000000000000000e+01 5.472286291810169044e-16
7.800000000000000000e+01 6.030217809955170808e-16
7.900000000000000000e+01 5.555266898302372129e-16
8.000000000000000000e+01 5.201400527630542454e-16
8.100000000000000000e+01 5.344745304799793198e-16
8.200000000000000000e+01 5.189750615233710751e-16
8.300000000000000000e+01 5.949521885422934506e-16
8.400000000000000000e+01 5.773072765943268443e-16
8.500000000000000000e+01 5.565082666469388934e-16
8.600000000000000000e+01 5.060457669043393956e-16
8.700000000000000000e+01 5.815935158095554958e-16
8.800000000000000000e+01 5.364243409222884001e-16
8.900000000000000000e+01 6.947836824186285527e-16
9.000000000000000000e+01 5.388303574468925586e-16
9.100000000000000000e+01 5.466440408011748330e-16
9.200000000000000000e+01 5.315780175694124763e-16
9.300000000000000000e+01 5.930080352469009450e-16
9.400000000000000000e+01 5.688935945960162488e-16
9.500000000000000000e+01 5.679185384272070252e-16
9.600000000000000000e+01 5.767217961985885579e-16
9.700000000000000000e+01 5.812230856414804308e-16
9.800000000000000000e+01 6.373098559699426664e-16
9.900000000000000000e+01 5.777810154635506500e-16
1.000000000000000000e+02 4.703896107691136546e-16
1.010000000000000000e+02 5.979979869282237766e-16
1.020000000000000000e+02 5.461573450951545410e-16
1.030000000000000000e+02 5.639616540183618966e-16
1.040000000000000000e+02 5.000072751396946555e-16
1.050000000000000000e+02 5.423285738828478637e-16
1.060000000000000000e+02 4.979036682533243930e-16
1.070000000000000000e+02 5.202025372990611421e-16
1.080000000000000000e+02 5.786301722124226953e-16
1.090000000000000000e+02 6.307746496427931752e-16
1.100000000000000000e+02 5.874989026370065829e-16
1.110000000000000000e+02 5.660436508233255057e-16
1.120000000000000000e+02 5.593055438031029848e-16
1.130000000000000000e+02 5.288328172277440271e-16
1.140000000000000000e+02 5.591887929302795869e-16
1.150000000000000000e+02 5.504325810553029963e-16
1.160000000000000000e+02 5.211376463410933714e-16
1.170000000000000000e+02 5.655828645997638161e-16
1.180000000000000000e+02 5.034393330380703621e-16
1.190000000000000000e+02 5.254022161459744047e-16
1.200000000000000000e+02 4.853861674564014173e-16
1.210000000000000000e+02 6.558378146055408747e-16
1.220000000000000000e+02 5.808592018438747846e-16
1.230000000000000000e+02 5.921742291068351603e-16
1.240000000000000000e+02 5.196034971025570491e-16
1.250000000000000000e+02 5.376329697443891275e-16
1.260000000000000000e+02 4.941920083031720087e-16
1.270000000000000000e+02 5.589597700723355444e-16
1.280000000000000000e+02 5.205403129846862147e-16
1.290000000000000000e+02 5.301516557688812713e-16
1.300000000000000000e+02 5.834297590539395676e-16
1.310000000000000000e+02 5.807698205129144036e-16
1.320000000000000000e+02 5.971200168422362644e-16
1.330000000000000000e+02 4.857539835456333820e-16
1.340000000000000000e+02 5.310540231299091667e-16
1.350000000000000000e+02 5.158914072078488449e-16
1.360000000000000000e+02 5.506455497893306489e-16
1.370000000000000000e+02 5.468662144750293781e-16
1.380000000000000000e+02 5.617751571358366746e-16
1.390000000000000000e+02 5.526995218054595201e-16
1.400000000000000000e+02 5.493585805298176958e-16
1.410000000000000000e+02 4.891646485053962188e-16
1.420000000000000000e+02 4.893101855544116645e-16
1.430000000000000000e+02 5.448615823845846735e-16
1.440000000000000000e+02 5.267483429984322304e-16
1.450000000000000000e+02 5.726943890037675227e-16
1.460000000000000000e+02 5.576150842154575899e-16
1.470000000000000000e+02 5.293869187391726595e-16
1.480000000000000000e+02 5.915520575950268181e-16
1.490000000000000000e+02 5.850363738378491270e-16
1.500000000000000000e+02 6.266886081268942397e-16
1.510000000000000000e+02 5.141719509885916856e-16
1.520000000000000000e+02 5.874774572942207983e-16
1.530000000000000000e+02 5.795719137026262592e-16
1.540000000000000000e+02 5.396048313601286800e-16
1.550000000000000000e+02 4.893518674427114547e-16
1.560000000000000000e+02 6.412964908585158724e-16
1.570000000000000000e+02 5.728858298889617020e-16
1.580000000000000000e+02 5.994751396427268860e-16
1.590000000000000000e+02 6.480680332590602613e-16
1.600000000000000000e+02 5.172030165338160334e-16
1.610000000000000000e+02 6.023914654041102149e-16
1.620000000000000000e+02 5.589602840107009407e-16
1.630000000000000000e+02 5.894257187251030339e-16
1.640000000000000000e+02 6.481349006940122614e-16
1.650000000000000000e+02 5.487390930738044894e-16
1.660000000000000000e+02 5.543185782816863753e-16
1.670000000000000000e+02 5.656688417109687905e-16
1.680000000000000000e+02 5.536500134819291205e-16
1.690000000000000000e+02 6.241899575026776894e-16
1.700000000000000000e+02 5.400342094238477981e-16
1.710000000000000000e+02 6.293494437916438316e-16
1.720000000000000000e+02 5.585751382418706152e-16
1.730000000000000000e+02 4.899981114527087742e-16
1.740000000000000000e+02 5.907743422019465975e-16
1.750000000000000000e+02 6.038900835190719372e-16
1.760000000000000000e+02 5.373110567577426849e-16
1.770000000000000000e+02 6.063180724196105490e-16
1.780000000000000000e+02 5.760575751366530725e-16
1.790000000000000000e+02 5.420363282061140295e-16
1.800000000000000000e+02 5.533110150915580825e-16
1.810000000000000000e+02 5.432171352224376759e-16
1.820000000000000000e+02 5.421911373659135973e-16
1.830000000000000000e+02 5.567245135132823449e-16
1.840000000000000000e+02 5.769551491916194191e-16
1.850000000000000000e+02 5.066980139620016277e-16
1.860000000000000000e+02 5.214833942740125174e-16
1.870000000000000000e+02 5.543766183136006335e-16
1.880000000000000000e+02 5.811236617640941396e-16
1.890000000000000000e+02 5.835484816623588584e-16
1.900000000000000000e+02 4.856697451287355007e-16
1.910000000000000000e+02 5.374063679804363610e-16
1.920000000000000000e+02 5.708098091413193185e-16
1.930000000000000000e+02 5.638212658653022449e-16
1.940000000000000000e+02 5.266155684292083079e-16
1.950000000000000000e+02 5.364921958553786092e-16
1.960000000000000000e+02 6.114700349489769183e-16
1.970000000000000000e+02 5.306740665581016176e-16
1.980000000000000000e+02 5.794608750759083310e-16
1.990000000000000000e+02 5.859515010908773006e-16
2.000000000000000000e+02 5.526583107406476000e-16
2.010000000000000000e+02 5.120190592333250752e-16
2.020000000000000000e+02 5.231245375337786097e-16
2.030000000000000000e+02 5.481452597517472562e-16
2.040000000000000000e+02 6.539304614025102557e-16
2.050000000000000000e+02 5.905736903962467813e-16
2.060000000000000000e+02 5.263156115525760237e-16
2.070000000000000000e+02 5.259786578077698072e-16
2.080000000000000000e+02 5.903557308689970169e-16
2.090000000000000000e+02 5.454571849187437833e-16
2.100000000000000000e+02 4.953108129624319466e-16
2.110000000000000000e+02 4.923656947250722495e-16
2.120000000000000000e+02 5.501703754708023011e-16
2.130000000000000000e+02 5.099325715049530560e-16
2.140000000000000000e+02 5.291613614864928626e-16
2.150000000000000000e+02 5.413466063240439937e-16
2.160000000000000000e+02 4.566450325915754527e-16
2.170000000000000000e+02 5.173458221387992067e-16
2.180000000000000000e+02 5.192745958189293405e-16
2.190000000000000000e+02 5.799184893128661007e-16
2.200000000000000000e+02 5.105882124428060128e-16
2.210000000000000000e+02 5.255740281593297902e-16
2.220000000000000000e+02 5.236515293326723467e-16
2.230000000000000000e+02 5.602780099458905199e-16
2.240000000000000000e+02 5.355692605099463908e-16
2.250000000000000000e+02 5.104782470999314442e-16
2.260000000000000000e+02 5.202990106741025234e-16
2.270000000000000000e+02 5.868282778337116579e-16
2.280000000000000000e+02 5.626940553558483880e-16
2.290000000000000000e+02 4.687269406637224057e-16
2.300000000000000000e+02 5.274789393411008107e-16
2.310000000000000000e+02 4.793737117036244646e-16
2.320000000000000000e+02 6.408550407344840626e-16
2.330000000000000000e+02 5.888377912388705755e-16
2.340000000000000000e+02 6.089665601112670964e-16
2.350000000000000000e+02 5.717327776365125929e-16
2.360000000000000000e+02 5.761345811296391722e-16
2.370000000000000000e+02 5.543339772497537477e-16
2.380000000000000000e+02 5.662657502276305527e-16
2.390000000000000000e+02 5.589333383193025379e-16
2.400000000000000000e+02 5.537052330558111289e-16
2.410000000000000000e+02 5.395691611951500700e-16
2.420000000000000000e+02 6.010312865555444570e-16
2.430000000000000000e+02 5.616153700149706948e-16
2.440000000000000000e+02 5.812637541442756555e-16
2.450000000000000000e+02 5.416040668292552601e-16
2.460000000000000000e+02 5.110255083000994746e-16
2.470000000000000000e+02 5.912770619535997853e-16
2.480000000000000000e+02 5.059912668903409118e-16
2.490000000000000000e+02 5.392828778537982324e-16
2.500000000000000000e+02 5.066656159453741707e-16
2.510000000000000000e+02 4.757935281789432379e-16
2.520000000000000000e+02 5.383469651578672541e-16
2.530000000000000000e+02 5.547981146059157652e-16
2.540000000000000000e+02 5.471008999564782394e-16
2.550000000000000000e+02 5.199632881720179558e-16
2.560000000000000000e+02 5.665943902831155733e-16
2.570000000000000000e+02 6.099416649056330103e-16
2.580000000000000000e+02 6.580971170963486617e-16
2.590000000000000000e+02 5.726407138877147438e-16
2.600000000000000000e+02 6.340498312969000973e-16
2.610000000000000000e+02 5.798726309050220672e-16
2.620000000000000000e+02 5.816285137754739140e-16
2.630000000000000000e+02 5.787352009921406864e-16
2.640000000000000000e+02 4.946548340172752242e-16
2.650000000000000000e+02 5.121592237205874844e-16
2.660000000000000000e+02 5.321524736618042933e-16
2.670000000000000000e+02 5.949917117223313725e-16
2.680000000000000000e+02 5.483560484113396683e-16
2.690000000000000000e+02 5.689968865039377224e-16
2.700000000000000000e+02 6.226207701035124618e-16
2.710000000000000000e+02 5.408087805566686993e-16
2.720000000000000000e+02 6.293103828959790797e-16
2.730000000000000000e+02 5.733338037177326261e-16
2.740000000000000000e+02 5.494427643208974592e-16
2.750000000000000000e+02 5.250927346988635113e-16
2.760000000000000000e+02 5.917903808715401630e-16
2.770000000000000000e+02 5.598946501965174426e-16
2.780000000000000000e+02 5.983432175554338361e-16
2.790000000000000000e+02 5.674831397781342806e-16
2.800000000000000000e+02 5.436551343355247409e-16
2.810000000000000000e+02 6.086238490915743212e-16
2.820000000000000000e+02 5.435276979038611853e-16
2.830000000000000000e+02 6.134560265971560288e-16
2.840000000000000000e+02 5.552135994783230746e-16
2.850000000000000000e+02 5.937980990370704792e-16
2.860000000000000000e+02 6.060797739500929128e-16
2.870000000000000000e+02 5.412657125307920024e-16
2.880000000000000000e+02 6.728614012934897006e-16
2.890000000000000000e+02 5.647568910338882006e-16
2.900000000000000000e+02 5.683972866674192616e-16
2.910000000000000000e+02 5.314332447100347948e-16
2.920000000000000000e+02 5.367871541483141246e-16
2.930000000000000000e+02 5.928268998913906927e-16
2.940000000000000000e+02 5.590267249200755044e-16
2.950000000000000000e+02 5.218288344809308594e-16
2.960000000000000000e+02 4.987449908301199907e-16
2.970000000000000000e+02 5.628724930233998018e-16
2.980000000000000000e+02 6.071937593718731776e-16
2.990000000000000000e+02 5.887574977802705285e-16
3.000000000000000000e+02 5.869879133648638867e-16
3.010000000000000000e+02 5.879958381351164010e-16
3.020000000000000000e+02 5.784435413054714578e-16
3.030000000000000000e+02 5.271227989110368457e-16
3.040000000000000000e+02 5.910932438791862424e-16
3.050000000000000000e+02 5.630241971112875657e-16
3.060000000000000000e+02 6.076837738619223594e-16
3.070000000000000000e+02 5.719165037337557476e-16
3.080000000000000000e+02 5.137337386733129431e-16
3.090000000000000000e+02 4.653985946272387536e-16
3.100000000000000000e+02 5.343848400678471992e-16
3.110000000000000000e+02 4.940464972191775980e-16
3.120000000000000000e+02 4.783226503932516640e-16
3.130000000000000000e+02 5.930728069480519500e-16
3.140000000000000000e+02 5.588301691001957874e-16
3.150000000000000000e+02 5.400597424029073849e-16
3.160000000000000000e+02 5.500692930249274835e-16
3.170000000000000000e+02 4.770359359840428418e-16
3.180000000000000000e+02 5.397441429767651609e-16
3.190000000000000000e+02 6.008659567342858295e-16
3.200000000000000000e+02 5.717054289784100501e-16
3.210000000000000000e+02 5.358916071611731215e-16
3.220000000000000000e+02 5.486643006776848053e-16
3.230000000000000000e+02 5.214909490458686391e-16
3.240000000000000000e+02 6.168525794124337021e-16
3.250000000000000000e+02 5.448479493803066110e-16
3.260000000000000000e+02 5.160572404986140817e-16
3.270000000000000000e+02 5.419603836384627247e-16
3.280000000000000000e+02 5.343885262718001328e-16
3.290000000000000000e+02 6.259756601078834931e-16
3.300000000000000000e+02 6.083614274471435863e-16
3.310000000000000000e+02 5.761362906741153747e-16
3.320000000000000000e+02 5.270517911137935289e-16
3.330000000000000000e+02 5.840247469364162779e-16
3.340000000000000000e+02 6.055405486455395067e-16
3.350000000000000000e+02 6.122915057347428393e-16
3.360000000000000000e+02 5.620851766969962082e-16
3.370000000000000000e+02 5.018489571613426546e-16
3.380000000000000000e+02 5.283993075427542828e-16
3.390000000000000000e+02 4.788168440066045551e-16
3.400000000000000000e+02 5.439014670128273664e-16
3.410000000000000000e+02 4.479300312084653469e-16
3.420000000000000000e+02 5.833369022640555433e-16
3.430000000000000000e+02 4.813673382805688496e-16
3.440000000000000000e+02 5.192771248000926419e-16
3.450000000000000000e+02 4.788278145799375155e-16
3.460000000000000000e+02 5.278329734932405636e-16
3.470000000000000000e+02 5.898800550563314947e-16
3.480000000000000000e+02 5.619093373602813096e-16
3.490000000000000000e+02 5.198199384738877823e-16
3.500000000000000000e+02 5.087149234784071593e-16
3.510000000000000000e+02 6.406608498020408642e-16
3.520000000000000000e+02 5.278317295008389183e-16
3.530000000000000000e+02 6.148192223139028230e-16
3.540000000000000000e+02 5.642916359672191475e-16
3.550000000000000000e+02 5.398769574141497114e-16
3.560000000000000000e+02 5.322298177347769427e-16
3.570000000000000000e+02 5.341119903778268555e-16
3.580000000000000000e+02 6.348137056889744287e-16
3.590000000000000000e+02 6.589640936555976223e-16
3.600000000000000000e+02 5.610533063447492075e-16
3.610000000000000000e+02 6.641402091655901102e-16
3.620000000000000000e+02 5.296748317431278029e-16
3.630000000000000000e+02 6.140188452246630274e-16
3.640000000000000000e+02 5.212396941737497711e-16
3.650000000000000000e+02 5.213423517710685398e-16
3.660000000000000000e+02 4.875965611432350749e-16
3.670000000000000000e+02 5.768993095824443785e-16
3.680000000000000000e+02 5.352111424973773974e-16
3.690000000000000000e+02 5.415761818174756847e-16
3.700000000000000000e+02 4.918419777590359479e-16
3.710000000000000000e+02 4.716727915607052141e-16
3.720000000000000000e+02 5.828898572731640499e-16
3.730000000000000000e+02 5.216023692207408165e-16
3.740000000000000000e+02 5.172131729013027108e-16
3.750000000000000000e+02 5.138053090694355344e-16
3.760000000000000000e+02 5.486918254650107396e-16
3.770000000000000000e+02 5.743338935298642183e-16
3.780000000000000000e+02 5.428320084698525371e-16
3.790000000000000000e+02 5.667809405389754481e-16
3.800000000000000000e+02 4.968911436596521208e-16
3.810000000000000000e+02 5.287918415542614065e-16
3.820000000000000000e+02 5.744630686557659403e-16
3.830000000000000000e+02 6.021813271761772456e-16
3.840000000000000000e+02 4.838442577160551099e-16
3.850000000000000000e+02 5.775699522893799999e-16
3.860000000000000000e+02 5.113740003696805673e-16
3.870000000000000000e+02 5.709696825706036869e-16
3.880000000000000000e+02 5.402979920216887742e-16
3.890000000000000000e+02 5.433917730476599947e-16
3.900000000000000000e+02 6.162790971602708313e-16
3.910000000000000000e+02 5.990243128057468396e-16
3.920000000000000000e+02 5.979902320445494186e-16
3.930000000000000000e+02 5.243476216827138378e-16
3.940000000000000000e+02 5.721707521820590285e-16
3.950000000000000000e+02 5.814337402763276020e-16
3.960000000000000000e+02 6.387192913540934335e-16
3.970000000000000000e+02 5.876445286394121463e-16
3.980000000000000000e+02 5.654883109653635562e-16
3.990000000000000000e+02 5.814444686304771417e-16
4.000000000000000000e+02 5.410157524087438200e-16
4.010000000000000000e+02 5.519539060471190882e-16
4.020000000000000000e+02 6.065748830828176569e-16
4.030000000000000000e+02 5.619110901832907413e-16
4.040000000000000000e+02 5.463965411094488453e-16
4.050000000000000000e+02 5.927688168853270591e-16
4.060000000000000000e+02 5.279959111570738098e-16
4.070000000000000000e+02 5.976421194800188804e-16
4.080000000000000000e+02 5.836384921850039248e-16
4.090000000000000000e+02 5.501474750236338160e-16
4.100000000000000000e+02 5.730078830410103768e-16
4.110000000000000000e+02 5.201741361677094566e-16
4.120000000000000000e+02 5.359892380898882918e-16
4.130000000000000000e+02 6.592643901872712266e-16
4.140000000000000000e+02 5.151492367821822693e-16
4.150000000000000000e+02 5.177384929812586793e-16
4.160000000000000000e+02 5.182892526410292229e-16
4.170000000000000000e+02 5.977915217387982531e-16
4.180000000000000000e+02 5.818604631905306436e-16
4.190000000000000000e+02 5.408931569437760717e-16
4.200000000000000000e+02 6.670174499911521413e-16
4.210000000000000000e+02 5.895339755240660468e-16
4.220000000000000000e+02 5.883027828217660158e-16
4.230000000000000000e+02 4.980051206319266637e-16
4.240000000000000000e+02 5.938497236336370274e-16
4.250000000000000000e+02 6.385172524764436980e-16
4.260000000000000000e+02 4.920622069406949060e-16
4.270000000000000000e+02 5.387359075595190633e-16
4.280000000000000000e+02 5.440553682986097028e-16
4.290000000000000000e+02 5.089629273972975642e-16
4.300000000000000000e+02 6.021685829735538323e-16
4.310000000000000000e+02 5.190342864183000154e-16
4.320000000000000000e+02 5.116037900677505088e-16
4.330000000000000000e+02 6.161592214873417996e-16
4.340000000000000000e+02 5.578079482105663231e-16
4.350000000000000000e+02 5.520704772127007319e-16
4.360000000000000000e+02 5.853286045986061166e-16
4.370000000000000000e+02 5.335837161786501997e-16
4.380000000000000000e+02 4.919574435335953157e-16
4.390000000000000000e+02 5.847744553840020279e-16
4.400000000000000000e+02 6.386236778675172206e-16
4.410000000000000000e+02 6.015876516539372208e-16
4.420000000000000000e+02 5.801139837860759366e-16
4.430000000000000000e+02 5.067064371070165692e-16
4.440000000000000000e+02 6.103715864259437957e-16
4.450000000000000000e+02 5.532089486612580412e-16
4.460000000000000000e+02 5.741635208419759974e-16
4.470000000000000000e+02 5.647086386422549205e-16
4.480000000000000000e+02 5.976723325079334568e-16
4.490000000000000000e+02 5.499839366288725342e-16
4.500000000000000000e+02 5.476664174318280576e-16
4.510000000000000000e+02 4.808540885456315480e-16
4.520000000000000000e+02 5.463502726638866848e-16
4.530000000000000000e+02 5.349616520609139240e-16
4.540000000000000000e+02 5.207421009110710136e-16
4.550000000000000000e+02 4.647186732723710779e-16
4.560000000000000000e+02 5.609075809089698285e-16
4.570000000000000000e+02 5.793294140943506985e-16
4.580000000000000000e+02 5.234458453344420324e-16
4.590000000000000000e+02 5.418398196571185288e-16
4.600000000000000000e+02 5.490985526730815581e-16
4.610000000000000000e+02 6.236990276685435200e-16
4.620000000000000000e+02 5.504523383599843816e-16
4.630000000000000000e+02 5.492243228966036552e-16
4.640000000000000000e+02 5.378722942990700499e-16
4.650000000000000000e+02 5.190836221589492843e-16
4.660000000000000000e+02 5.968969536322844524e-16
4.670000000000000000e+02 5.698133290566378030e-16
4.680000000000000000e+02 4.945433173662754939e-16
4.690000000000000000e+02 5.342041849148675302e-16
4.700000000000000000e+02 5.247519457030036924e-16
4.710000000000000000e+02 5.137663300007366328e-16
4.720000000000000000e+02 5.855849490214086181e-16
4.730000000000000000e+02 6.048738469869423238e-16
4.740000000000000000e+02 6.461721682202743901e-16
4.750000000000000000e+02 6.317632547875724198e-16
4.760000000000000000e+02 6.194444346095602506e-16
4.770000000000000000e+02 5.170271527959501044e-16
4.780000000000000000e+02 6.705779144529413538e-16
4.790000000000000000e+02 6.208769102498754463e-16
4.800000000000000000e+02 6.424958846262357694e-16
4.810000000000000000e+02 5.514331984886043174e-16
4.820000000000000000e+02 5.766187493421096459e-16
4.830000000000000000e+02 6.194333043682995990e-16
4.840000000000000000e+02 6.367088441181129261e-16
4.850000000000000000e+02 6.064003719463697103e-16
4.860000000000000000e+02 5.556826888112337481e-16
4.870000000000000000e+02 5.864037003180362234e-16
4.880000000000000000e+02 4.911278905848278899e-16
4.890000000000000000e+02 4.750027917858142631e-16
4.900000000000000000e+02 4.777436840983179592e-16
4.910000000000000000e+02 5.342072577920774836e-16
4.920000000000000000e+02 5.269962706785946826e-16
4.930000000000000000e+02 6.173415083956335382e-16
4.940000000000000000e+02 5.891282060099590906e-16
4.950000000000000000e+02 6.137505727631815100e-16
4.960000000000000000e+02 6.092999183112262711e-16
4.970000000000000000e+02 5.231152019926774227e-16
4.980000000000000000e+02 5.175989671926391409e-16
4.990000000000000000e+02 5.282159060469663130e-16
5.000000000000000000e+02 5.858797780628890436e-16
5.010000000000000000e+02 4.924286200062360920e-16
5.020000000000000000e+02 5.714618892656845625e-16
5.030000000000000000e+02 5.856314813374362009e-16
5.040000000000000000e+02 5.378539824074062936e-16
5.050000000000000000e+02 5.390904660675535953e-16
5.060000000000000000e+02 5.595644221865656016e-16
5.070000000000000000e+02 6.138575481771474799e-16
5.080000000000000000e+02 5.433984190533320097e-16
5.090000000000000000e+02 5.902828744118631489e-16
5.100000000000000000e+02 5.902850991696046490e-16
5.110000000000000000e+02 5.841732060290990268e-16
5.120000000000000000e+02 5.823342330220560827e-16
5.130000000000000000e+02 6.335334411605535602e-16
5.140000000000000000e+02 6.137248958892504049e-16
5.150000000000000000e+02 6.224333516391212481e-16
5.160000000000000000e+02 5.738123250094864717e-16
5.170000000000000000e+02 5.862590261141087129e-16
5.180000000000000000e+02 5.650166854682627690e-16
5.190000000000000000e+02 5.425168114390307651e-16
5.200000000000000000e+02 4.924389539856517460e-16
5.210000000000000000e+02 4.999054902481618312e-16
5.220000000000000000e+02 5.092715738598863547e-16
5.230000000000000000e+02 5.589233526650781238e-16
5.240000000000000000e+02 6.021227833987591908e-16
5.250000000000000000e+02 6.361512623950532608e-16
5.260000000000000000e+02 5.762968940007090517e-16
5.270000000000000000e+02 5.742715818659312279e-16
5.280000000000000000e+02 5.208900027799781434e-16
5.290000000000000000e+02 5.761345811296391722e-16
5.300000000000000000e+02 6.442015446616564864e-16
5.310000000000000000e+02 6.150045570139439472e-16
5.320000000000000000e+02 5.149095524942654751e-16
5.330000000000000000e+02 5.852787526547490141e-16
5.340000000000000000e+02 4.862640025784302336e-16
5.350000000000000000e+02 5.168378896102410024e-16
5.360000000000000000e+02 4.899378894875696771e-16
5.370000000000000000e+02 5.665772239947036031e-16
5.380000000000000000e+02 5.041692750396733912e-16
5.390000000000000000e+02 5.931331434506215298e-16
5.400000000000000000e+02 5.772304981418461474e-16
5.410000000000000000e+02 5.598184159101762568e-16
5.420000000000000000e+02 5.688416530311928894e-16
5.430000000000000000e+02 5.940089230448646094e-16
5.440000000000000000e+02 5.607460096667610135e-16
5.450000000000000000e+02 5.717545981996803104e-16
5.460000000000000000e+02 5.416513468292028673e-16
5.470000000000000000e+02 5.029252708034857290e-16
5.480000000000000000e+02 5.534104672432388588e-16
5.490000000000000000e+02 5.773709665245013846e-16
5.500000000000000000e+02 5.723995796028945882e-16
5.510000000000000000e+02 5.189646233246687925e-16
5.520000000000000000e+02 5.095173737750332424e-16
5.530000000000000000e+02 5.165502896767836986e-16
5.540000000000000000e+02 6.075151880829515816e-16
5.550000000000000000e+02 5.178934335255101971e-16
5.560000000000000000e+02 5.102846248050156096e-16
5.570000000000000000e+02 5.310401902140856205e-16
5.580000000000000000e+02 5.458230163667839661e-16
5.590000000000000000e+02 5.985955654150121432e-16
5.600000000000000000e+02 5.066157189476447790e-16
5.610000000000000000e+02 5.503604795159641641e-16
5.620000000000000000e+02 5.706037910642753715e-16
5.630000000000000000e+02 5.644772023936900128e-16
5.640000000000000000e+02 5.800158556364411088e-16
5.650000000000000000e+02 5.905425582461459217e-16
5.660000000000000000e+02 5.648533834513264936e-16
5.670000000000000000e+02 5.805341128579716066e-16
5.680000000000000000e+02 5.685264391494498177e-16
5.690000000000000000e+02 6.146873784321168763e-16
5.700000000000000000e+02 5.514534408779672697e-16
5.710000000000000000e+02 6.176706123964704121e-16
5.720000000000000000e+02 5.315203447877778229e-16
5.730000000000000000e+02 5.414615957192631937e-16
5.740000000000000000e+02 5.286651693933343618e-16
5.750000000000000000e+02 6.212702669677862999e-16
5.760000000000000000e+02 5.162499696462332195e-16
5.770000000000000000e+02 4.798237183313766585e-16
5.780000000000000000e+02 5.595168955472034595e-16
5.790000000000000000e+02 5.666792000506450834e-16
5.800000000000000000e+02 6.024552963855427618e-16
5.810000000000000000e+02 5.342787740163706191e-16
5.820000000000000000e+02 5.663248847288924768e-16
5.830000000000000000e+02 5.930196614577943264e-16
5.840000000000000000e+02 5.630481044543439202e-16
5.850000000000000000e+02 5.857303502348690268e-16
5.860000000000000000e+02 6.078447512371782147e-16
5.870000000000000000e+02 4.991378243337299119e-16
5.880000000000000000e+02 5.307563426866588258e-16
5.890000000000000000e+02 5.320000660000187105e-16
5.900000000000000000e+02 5.507223831772519455e-16
5.910000000000000000e+02 5.610486249915402226e-16
5.920000000000000000e+02 5.070918082253850076e-16
5.930000000000000000e+02 4.899539717381266954e-16
5.940000000000000000e+02 5.861307702635423358e-16
5.950000000000000000e+02 5.284657855445017303e-16
5.960000000000000000e+02 5.017822242981461479e-16
5.970000000000000000e+02 5.335492587218907142e-16
5.980000000000000000e+02 5.491726881023552713e-16
5.990000000000000000e+02 5.806093235357125470e-16
6.000000000000000000e+02 4.816584794871838096e-16
6.010000000000000000e+02 6.246594785979937737e-16
6.020000000000000000e+02 5.562088623536449312e-16
6.030000000000000000e+02 5.655800347511667507e-16
6.040000000000000000e+02 5.423027693515888278e-16
6.050000000000000000e+02 5.524485693440453889e-16
6.060000000000000000e+02 5.776313397717410618e-16
6.070000000000000000e+02 6.182884713632490824e-16
6.080000000000000000e+02 5.242367849783046506e-16
6.090000000000000000e+02 5.296491855492681567e-16
6.100000000000000000e+02 6.589820293657405880e-16
6.110000000000000000e+02 5.175019111707594928e-16
6.120000000000000000e+02 5.531778650994684947e-16
6.130000000000000000e+02 4.927582837346308769e-16
6.140000000000000000e+02 5.054706256378510306e-16
6.150000000000000000e+02 5.996033472845187088e-16
6.160000000000000000e+02 5.546460103305345716e-16
6.170000000000000000e+02 5.139720549800116180e-16
6.180000000000000000e+02 5.226750657264658989e-16
6.190000000000000000e+02 5.687891295152438672e-16
6.200000000000000000e+02 6.238827111704345994e-16
6.210000000000000000e+02 5.838567100758717406e-16
6.220000000000000000e+02 5.594136138692780295e-16
6.230000000000000000e+02 6.338800355512853375e-16
6.240000000000000000e+02 5.359932960886110462e-16
6.250000000000000000e+02 5.489717818135389584e-16
6.260000000000000000e+02 5.846293780021956657e-16
6.270000000000000000e+02 5.455901882132169565e-16
6.280000000000000000e+02 5.233770830790812639e-16
6.290000000000000000e+02 5.134307320751710971e-16
6.300000000000000000e+02 5.846400477152519999e-16
6.310000000000000000e+02 5.782521661447674179e-16
6.320000000000000000e+02 5.741657365830560863e-16
6.330000000000000000e+02 5.691324647376149928e-16
6.340000000000000000e+02 5.482309024192838226e-16
6.350000000000000000e+02 5.039028681653508664e-16
6.360000000000000000e+02 4.933655471488455505e-16
6.370000000000000000e+02 5.481604578099957447e-16
6.380000000000000000e+02 5.211704046130546268e-16
6.390000000000000000e+02 6.104318265726334682e-16
6.400000000000000000e+02 5.801589742727457113e-16
6.410000000000000000e+02 6.302268599375624095e-16
6.420000000000000000e+02 5.247678212669311672e-16
6.430000000000000000e+02 5.758557862802650656e-16
6.440000000000000000e+02 5.373485570204152749e-16
6.450000000000000000e+02 5.512420498808638452e-16
6.460000000000000000e+02 5.622165091473705669e-16
6.470000000000000000e+02 5.915651692578366511e-16
6.480000000000000000e+02 5.160504809507995402e-16
6.490000000000000000e+02 5.556542547611696882e-16
6.500000000000000000e+02 5.707200044704216327e-16
6.510000000000000000e+02 5.575000404686724989e-16
6.520000000000000000e+02 5.420367067665369794e-16
6.530000000000000000e+02 5.277116704384729959e-16
6.540000000000000000e+02 5.868791869148462829e-16
6.550000000000000000e+02 5.298555595865104767e-16
6.560000000000000000e+02 5.811084077324765995e-16
6.570000000000000000e+02 5.393662755575460878e-16
6.580000000000000000e+02 5.767963655888120794e-16
6.590000000000000000e+02 5.557960412763855254e-16
6.600000000000000000e+02 5.605685057074412188e-16
6.610000000000000000e+02 5.840497620913700884e-16
6.620000000000000000e+02 5.509447744184324757e-16
6.630000000000000000e+02 5.359210131713882303e-16
6.640000000000000000e+02 5.538362555922488877e-16
6.650000000000000000e+02 6.057898983920660465e-16
6.660000000000000000e+02 5.636105088481279943e-16
6.670000000000000000e+02 5.551749404918569483e-16
6.680000000000000000e+02 5.461874005990243695e-16
6.690000000000000000e+02 5.919252448511776476e-16
6.700000000000000000e+02 5.942741606241527941e-16
6.710000000000000000e+02 5.727729218974502941e-16
6.720000000000000000e+02 5.550880033771640996e-16
6.730000000000000000e+02 4.764927004306358007e-16
6.740000000000000000e+02 5.736303507944649246e-16
6.750000000000000000e+02 5.765202398274218903e-16
6.760000000000000000e+02 6.322235814933644692e-16
6.770000000000000000e+02 5.508363093713731795e-16
6.780000000000000000e+02 5.997610194668972874e-16
6.790000000000000000e+02 5.789269126896051698e-16
6.800000000000000000e+02 5.641799176602371190e-16
6.810000000000000000e+02 5.696289246092821685e-16
6.820000000000000000e+02 5.142651666415589547e-16
6.830000000000000000e+02 5.321224737824635048e-16
6.840000000000000000e+02 4.831108741638942303e-16
6.850000000000000000e+02 6.453500734924394892e-16
6.860000000000000000e+02 5.796723824930264452e-16
6.870000000000000000e+02 4.981214646106225258e-16
6.880000000000000000e+02 6.006504338404136447e-16
6.890000000000000000e+02 5.972261230593952225e-16
6.900000000000000000e+02 5.383224944583603946e-16
6.910000000000000000e+02 5.638842228847345959e-16
6.920000000000000000e+02 5.625178227074701373e-16
6.930000000000000000e+02 6.138675093137191240e-16
6.940000000000000000e+02 5.185102791516112242e-16
6.950000000000000000e+02 5.671034928329515122e-16
6.960000000000000000e+02 5.796959572130101060e-16
6.970000000000000000e+02 5.441895437449264972e-16
6.980000000000000000e+02 5.848685574574732376e-16
6.990000000000000000e+02 6.193209307301743908e-16
7.000000000000000000e+02 5.960129549292438666e-16
7.010000000000000000e+02 5.659264046094461718e-16
7.020000000000000000e+02 5.475312202058478514e-16
7.030000000000000000e+02 6.055293661566726432e-16
7.040000000000000000e+02 5.748618421975576321e-16
7.050000000000000000e+02 5.958684099021598968e-16
7.060000000000000000e+02 5.770831686607356781e-16
7.070000000000000000e+02 5.555751487489159405e-16
7.080000000000000000e+02 5.973349585555930987e-16
7.090000000000000000e+02 5.966959535052792265e-16
7.100000000000000000e+02 5.442595220808985930e-16
7.110000000000000000e+02 5.125545069120073320e-16
7.120000000000000000e+02 5.463971419725806009e-16
7.130000000000000000e+02 6.199027209003933915e-16
7.140000000000000000e+02 5.205653042484604529e-16
7.150000000000000000e+02 6.165400790862231097e-16
7.160000000000000000e+02 5.413615404072745910e-16
7.170000000000000000e+02 5.709307966168135612e-16
7.180000000000000000e+02 5.411911006021872502e-16
7.190000000000000000e+02 5.478486260736082056e-16
7.200000000000000000e+02 6.247362088431989493e-16
7.210000000000000000e+02 5.683115056945813619e-16
7.220000000000000000e+02 5.225959149126620514e-16
7.230000000000000000e+02 6.577390128377289008e-16
7.240000000000000000e+02 5.358119577792973534e-16
7.250000000000000000e+02 5.198060434502802687e-16
7.260000000000000000e+02 5.894114454450235369e-16
7.270000000000000000e+02 5.615382000110781494e-16
7.280000000000000000e+02 5.369816140603491274e-16
7.290000000000000000e+02 5.639185733463334270e-16
7.300000000000000000e+02 5.319957461183142100e-16
7.310000000000000000e+02 5.139774046474621986e-16
7.320000000000000000e+02 5.809366309927850430e-16
7.330000000000000000e+02 5.525691952285360322e-16
7.340000000000000000e+02 5.466500466823201417e-16
7.350000000000000000e+02 5.379949678955236999e-16
7.360000000000000000e+02 5.289246905310410135e-16
7.370000000000000000e+02 6.667949359497621354e-16
7.380000000000000000e+02 5.496590283984469174e-16
7.390000000000000000e+02 5.722782572482958047e-16
7.400000000000000000e+02 5.165411531144409956e-16
7.410000000000000000e+02 5.711364093198910679e-16
7.420000000000000000e+02 5.683037067822755222e-16
7.430000000000000000e+02 5.270393326190800356e-16
7.440000000000000000e+02 5.670820722472648994e-16
7.450000000000000000e+02 5.603237142445680845e-16
7.460000000000000000e+02 5.685563948678481194e-16
7.470000000000000000e+02 5.497301768050165288e-16
7.480000000000000000e+02 5.295517806828121361e-16
7.490000000000000000e+02 5.270218902317015504e-16
7.500000000000000000e+02 5.910654023967723219e-16
7.510000000000000000e+02 5.109019015130385019e-16
7.520000000000000000e+02 4.806253936673331193e-16
7.530000000000000000e+02 5.505095932603709177e-16
7.540000000000000000e+02 5.008555521521113839e-16
7.550000000000000000e+02 5.686490671445634852e-16
7.560000000000000000e+02 5.995320937788635520e-16
7.570000000000000000e+02 5.170779499099310046e-16
7.580000000000000000e+02 5.112577022001654759e-16
7.590000000000000000e+02 7.066678974699006049e-16
7.600000000000000000e+02 5.145315521495239081e-16
7.610000000000000000e+02 5.578587837352279671e-16
7.620000000000000000e+02 5.212869317755254252e-16
7.630000000000000000e+02 5.868976473586974212e-16
7.640000000000000000e+02 5.872712067328904108e-16
7.650000000000000000e+02 5.545335328751545526e-16
7.660000000000000000e+02 5.614732988437098007e-16
7.670000000000000000e+02 5.961047321207774041e-16
7.680000000000000000e+02 5.278074710629778953e-16
7.690000000000000000e+02 5.295022577355040826e-16
7.700000000000000000e+02 5.426087123983607852e-16
7.710000000000000000e+02 6.468201584529320401e-16
7.720000000000000000e+02 5.716202162404466658e-16
7.730000000000000000e+02 6.124223241660676014e-16
7.740000000000000000e+02 5.438543826271925322e-16
7.750000000000000000e+02 5.375871684653327796e-16
7.760000000000000000e+02 5.610018093109216316e-16
7.770000000000000000e+02 5.321987426535076775e-16
7.780000000000000000e+02 5.396589785752431146e-16
7.790000000000000000e+02 5.459059411659520682e-16
7.800000000000000000e+02 5.303846842191000785e-16
7.810000000000000000e+02 5.668898296952907003e-16
7.820000000000000000e+02 5.888489422422054692e-16
7.830000000000000000e+02 5.508547856961475559e-16
7.840000000000000000e+02 5.337227540242632909e-16
7.850000000000000000e+02 6.040169463957348135e-16
7.860000000000000000e+02 5.526404887878442743e-16
7.870000000000000000e+02 6.645642157876277436e-16
7.880000000000000000e+02 4.978179409519256010e-16
7.890000000000000000e+02 5.988993388719860483e-16
7.900000000000000000e+02 5.208458808857968484e-16
7.910000000000000000e+02 5.570083160303308935e-16
7.920000000000000000e+02 5.974591607004097804e-16
7.930000000000000000e+02 6.115392264361631023e-16
7.940000000000000000e+02 6.794696872237393647e-16
7.950000000000000000e+02 5.487420845576131526e-16
7.960000000000000000e+02 5.835177483280417282e-16
7.970000000000000000e+02 6.098549982240700109e-16
7.980000000000000000e+02 5.533766510674317932e-16
7.990000000000000000e+02 5.728674193809828684e-16
8.000000000000000000e+02 5.434461470697866085e-16
8.010000000000000000e+02 5.684346132334371225e-16
8.020000000000000000e+02 5.376213671227300308e-16
8.030000000000000000e+02 5.973140724728460206e-16
8.040000000000000000e+02 5.905953707456504750e-16
8.050000000000000000e+02 5.983799106080349436e-16
8.060000000000000000e+02 5.255421690829937289e-16
8.070000000000000000e+02 5.794858039666382060e-16
8.080000000000000000e+02 4.761777173304674763e-16
8.090000000000000000e+02 5.794480561094574617e-16
8.100000000000000000e+02 5.503789718144357654e-16
8.110000000000000000e+02 6.201627072971361442e-16
8.120000000000000000e+02 6.075880720502250683e-16
8.130000000000000000e+02 6.132864178220669662e-16
8.140000000000000000e+02 5.592327516508585992e-16
8.150000000000000000e+02 4.947742882516139189e-16
8.160000000000000000e+02 5.456617919437407956e-16
8.170000000000000000e+02 5.247828361366946282e-16
8.180000000000000000e+02 5.621143805616653921e-16
8.190000000000000000e+02 5.940219804780484022e-16
8.200000000000000000e+02 5.503348278796763174e-16
8.210000000000000000e+02 5.659757858456025344e-16
8.220000000000000000e+02 5.765452958665014139e-16
8.230000000000000000e+02 5.807048779380536311e-16
8.240000000000000000e+02 6.008274347032326093e-16
8.250000000000000000e+02 5.664187915417382780e-16
8.260000000000000000e+02 5.262214110327830495e-16
8.270000000000000000e+02 5.551950464574718316e-16
8.280000000000000000e+02 5.386646021599407204e-16
8.290000000000000000e+02 5.692570528471229995e-16
8.300000000000000000e+02 6.441060441246462653e-16
8.310000000000000000e+02 4.870081430941276705e-16
8.320000000000000000e+02 5.667676175570100632e-16
8.330000000000000000e+02 6.041286343379562423e-16
8.340000000000000000e+02 4.910276081801393561e-16
8.350000000000000000e+02 5.767854796280635967e-16
8.360000000000000000e+02 5.716328517871736118e-16
8.370000000000000000e+02 6.107453020885137555e-16
8.380000000000000000e+02 5.608475093567536343e-16
8.390000000000000000e+02 5.259156110122284247e-16
8.400000000000000000e+02 4.885880304360211491e-16
8.410000000000000000e+02 5.451838546363598851e-16
8.420000000000000000e+02 4.976753866309904081e-16
8.430000000000000000e+02 5.041131882278249020e-16
8.440000000000000000e+02 5.627582323437122780e-16
8.450000000000000000e+02 6.078296276609240021e-16
8.460000000000000000e+02 6.078857990475010132e-16
8.470000000000000000e+02 5.271738687809222024e-16
8.480000000000000000e+02 5.936676007948103750e-16
8.490000000000000000e+02 5.303033564630439629e-16
8.500000000000000000e+02 6.134710783647177605e-16
8.510000000000000000e+02 5.183661317901417259e-16
8.520000000000000000e+02 5.600519971926258055e-16
8.530000000000000000e+02 4.810569119351305627e-16
8.540000000000000000e+02 5.610421880670980452e-16
8.550000000000000000e+02 5.645347795718480630e-16
8.560000000000000000e+02 5.414775876954088486e-16
8.570000000000000000e+02 5.912515196585020309e-16
8.580000000000000000e+02 4.884258100974159360e-16
8.590000000000000000e+02 5.276363863167261849e-16
8.600000000000000000e+02 5.703558235680844601e-16
8.610000000000000000e+02 5.520918855675254872e-16
8.620000000000000000e+02 6.101191989471020133e-16
8.630000000000000000e+02 5.661016486293442843e-16
8.640000000000000000e+02 5.867700906181897152e-16
8.650000000000000000e+02 5.564882081280816096e-16
8.660000000000000000e+02 5.797673126849004593e-16
8.670000000000000000e+02 6.595348077239191663e-16
8.680000000000000000e+02 5.284322369440545974e-16
8.690000000000000000e+02 6.165278313852909051e-16
8.700000000000000000e+02 5.616311534822364561e-16
8.710000000000000000e+02 5.881153137125646404e-16
8.720000000000000000e+02 5.695038413691456890e-16
8.730000000000000000e+02 5.419830242589881737e-16
8.740000000000000000e+02 5.517189046280667951e-16
8.750000000000000000e+02 6.040759859647745004e-16
8.760000000000000000e+02 6.286328546890756016e-16
8.770000000000000000e+02 5.653518588200821730e-16
8.780000000000000000e+02 5.814935906712907057e-16
8.790000000000000000e+02 6.114764779398457386e-16
8.800000000000000000e+02 5.252928519693004143e-16
8.810000000000000000e+02 5.521656191030003230e-16
8.820000000000000000e+02 5.301021114461968956e-16
8.830000000000000000e+02 5.273837015635907745e-16
8.840000000000000000e+02 5.598389415469336885e-16
8.850000000000000000e+02 5.408184936169852867e-16
8.860000000000000000e+02 5.804214906831688287e-16
8.870000000000000000e+02 5.497409266553638340e-16
8.880000000000000000e+02 5.914791403478957015e-16
8.890000000000000000e+02 5.162607807011156000e-16
8.900000000000000000e+02 4.880071150032873240e-16
8.910000000000000000e+02 5.204744785181169372e-16
8.920000000000000000e+02 5.135514926810762762e-16
8.930000000000000000e+02 5.945304444712725237e-16
8.940000000000000000e+02 5.546353555497126178e-16
8.950000000000000000e+02 4.912281525172359543e-16
8.960000000000000000e+02 6.127385320048008904e-16
8.970000000000000000e+02 5.212478823314243947e-16
8.980000000000000000e+02 5.811383504531511026e-16
8.990000000000000000e+02 4.835659745645912028e-16
9.000000000000000000e+02 4.811531314050096563e-16
9.010000000000000000e+02 5.670924931737991878e-16
9.020000000000000000e+02 5.926654441332335151e-16
9.030000000000000000e+02 5.667669658813798846e-16
9.040000000000000000e+02 5.577955880775274526e-16
9.050000000000000000e+02 5.931641396341781824e-16
9.060000000000000000e+02 5.804967866483901919e-16
9.070000000000000000e+02 5.701410759004402857e-16
9.080000000000000000e+02 5.463474934279630669e-16
9.090000000000000000e+02 5.200403144157976262e-16
9.100000000000000000e+02 5.978799371042342778e-16
9.110000000000000000e+02 5.512414542987693082e-16
9.120000000000000000e+02 6.027827240583487750e-16
9.130000000000000000e+02 5.171877816086220187e-16
9.140000000000000000e+02 5.855440199521107305e-16
9.150000000000000000e+02 5.523392108064671586e-16
9.160000000000000000e+02 5.505024367234749333e-16
9.170000000000000000e+02 5.603262776765470264e-16
9.180000000000000000e+02 5.780642773045945081e-16
9.190000000000000000e+02 5.885868378119655395e-16
9.200000000000000000e+02 5.853286747108676175e-16
9.210000000000000000e+02 5.892491234900796207e-16
9.220000000000000000e+02 5.197106630355064885e-16
9.230000000000000000e+02 5.779938476193230493e-16
9.240000000000000000e+02 5.094668700027686503e-16
9.250000000000000000e+02 5.426541654734011403e-16
9.260000000000000000e+02 5.484775743588145791e-16
9.270000000000000000e+02 5.301603255493296625e-16
9.280000000000000000e+02 4.859148155344647630e-16
9.290000000000000000e+02 6.298349920192743858e-16
9.300000000000000000e+02 5.560412022874757833e-16
9.310000000000000000e+02 5.442257405593647492e-16
9.320000000000000000e+02 5.938434349335504738e-16
9.330000000000000000e+02 5.890362475347329420e-16
9.340000000000000000e+02 6.003426246161282826e-16
9.350000000000000000e+02 5.927322611339330773e-16
9.360000000000000000e+02 5.286213082936709454e-16
9.370000000000000000e+02 5.488580667691085003e-16
9.380000000000000000e+02 5.811287463523215380e-16
9.390000000000000000e+02 6.150579379955844654e-16
9.400000000000000000e+02 5.369345343171654536e-16
9.410000000000000000e+02 5.139592794294928400e-16
9.420000000000000000e+02 5.689374526689275583e-16
9.430000000000000000e+02 5.685783373323682065e-16
9.440000000000000000e+02 5.782017040781384248e-16
9.450000000000000000e+02 4.948008297206830122e-16
9.460000000000000000e+02 5.610304843789010934e-16
9.470000000000000000e+02 5.304283995053103701e-16
9.480000000000000000e+02 5.923083821131138679e-16
9.490000000000000000e+02 5.610181952435207920e-16
9.500000000000000000e+02 4.860869920439074708e-16
9.510000000000000000e+02 6.274561463936653241e-16
9.520000000000000000e+02 5.626199510012177924e-16
9.530000000000000000e+02 5.708316649858040976e-16
9.540000000000000000e+02 4.577430031208639734e-16
9.550000000000000000e+02 5.148655557607785752e-16
9.560000000000000000e+02 5.537034542560540476e-16
9.570000000000000000e+02 5.465797737420689308e-16
9.580000000000000000e+02 5.169509477659668954e-16
9.590000000000000000e+02 5.730863729750379088e-16
9.600000000000000000e+02 5.729603255148352652e-16
9.610000000000000000e+02 6.015439909663537019e-16
9.620000000000000000e+02 5.425749037319153278e-16
9.630000000000000000e+02 5.803672573970527669e-16
9.640000000000000000e+02 5.492665387667478930e-16
9.650000000000000000e+02 5.923272276218879921e-16
9.660000000000000000e+02 5.230681294996308319e-16
9.670000000000000000e+02 5.169077599287678926e-16
9.680000000000000000e+02 5.372701166191938361e-16
9.690000000000000000e+02 6.120823526417125003e-16
9.700000000000000000e+02 5.404425923334599144e-16
9.710000000000000000e+02 5.343031226836813851e-16
9.720000000000000000e+02 5.144489945738481596e-16
9.730000000000000000e+02 5.289205783003749400e-16
9.740000000000000000e+02 5.924607918385631286e-16
9.750000000000000000e+02 5.590848634142172309e-16
9.760000000000000000e+02 4.621585277031209040e-16
9.770000000000000000e+02 5.301602481412028826e-16
9.780000000000000000e+02 5.189026224234388128e-16
9.790000000000000000e+02 5.183418262269317588e-16
9.800000000000000000e+02 5.868210047472992111e-16
9.810000000000000000e+02 5.938917387342399940e-16
9.820000000000000000e+02 5.440752817541692080e-16
9.830000000000000000e+02 5.287427907395158605e-16
9.840000000000000000e+02 5.140991544127135330e-16
9.850000000000000000e+02 5.394338365045916149e-16
9.860000000000000000e+02 5.609766442682250229e-16
9.870000000000000000e+02 5.238320633271884001e-16
9.880000000000000000e+02 6.168801884166359041e-16
9.890000000000000000e+02 5.441458781335480273e-16
9.900000000000000000e+02 5.209728000331206719e-16
9.910000000000000000e+02 5.822496595397821045e-16
9.920000000000000000e+02 5.494153518496054931e-16
9.930000000000000000e+02 6.028497131239782049e-16
9.940000000000000000e+02 4.797947232148409921e-16
9.950000000000000000e+02 5.801092440190781982e-16
9.960000000000000000e+02 4.993068384023082734e-16
9.970000000000000000e+02 5.223244496360886655e-16
9.980000000000000000e+02 5.501641842387137138e-16
9.990000000000000000e+02 5.986029011117941080e-16
1.000000000000000000e+03 4.855234549465589315e-16
1.001000000000000000e+03 6.212998594129598723e-16
1.002000000000000000e+03 5.086622423654916787e-16
1.003000000000000000e+03 5.632864663747596080e-16
1.004000000000000000e+03 5.829253406194580931e-16
1.005000000000000000e+03 5.485404220430477434e-16
1.006000000000000000e+03 5.307692551691514804e-16
1.007000000000000000e+03 4.952577832631558629e-16
1.008000000000000000e+03 5.536850729906060370e-16
1.009000000000000000e+03 6.183559043858973261e-16
1.010000000000000000e+03 6.029254072562177781e-16
1.011000000000000000e+03 5.423225201441087598e-16
1.012000000000000000e+03 6.452498456629613782e-16
1.013000000000000000e+03 5.750325789255104353e-16
1.014000000000000000e+03 5.239223069961861143e-16
1.015000000000000000e+03 5.839410508054856429e-16
1.016000000000000000e+03 5.798363945363345087e-16
1.017000000000000000e+03 5.915895187177907132e-16
1.018000000000000000e+03 5.365289884593683071e-16
1.019000000000000000e+03 5.833042581841965706e-16
1.020000000000000000e+03 5.936106370607754413e-16
1.021000000000000000e+03 4.991904418509830818e-16
1.022000000000000000e+03 5.771019424615185715e-16
1.023000000000000000e+03 5.382512105359813843e-16
1.024000000000000000e+03 4.671307479605618685e-16
1.025000000000000000e+03 5.463052022288514206e-16
1.026000000000000000e+03 5.154996380661292442e-16
1.027000000000000000e+03 5.048940976747263381e-16
1.028000000000000000e+03 5.953712213311068582e-16
1.029000000000000000e+03 5.557843009542806445e-16
1.030000000000000000e+03 5.020687203301577394e-16
1.031000000000000000e+03 6.352295720354152082e-16
1.032000000000000000e+03 4.850904109417665884e-16
1.033000000000000000e+03 5.462499107499428153e-16
1.034000000000000000e+03 5.212541808267255151e-16
1.035000000000000000e+03 6.040596810218966847e-16
1.036000000000000000e+03 4.766786976685964619e-16
1.037000000000000000e+03 5.061677218625373930e-16
1.038000000000000000e+03 5.478812853620092612e-16
1.039000000000000000e+03 5.353712214209742981e-16
1.040000000000000000e+03 6.144806437004727095e-16
1.041000000000000000e+03 5.494864571222356419e-16
1.042000000000000000e+03 4.950369861040727665e-16
1.043000000000000000e+03 5.071461899707020638e-16
1.044000000000000000e+03 5.140962008252754204e-16
1.045000000000000000e+03 5.834648578851796108e-16
1.046000000000000000e+03 5.379235642794003347e-16
1.047000000000000000e+03 6.022334597422320022e-16
1.048000000000000000e+03 6.024111535892967573e-16
1.049000000000000000e+03 4.757617859422653982e-16
1.050000000000000000e+03 5.133073047292069724e-16
1.051000000000000000e+03 5.516754630262851524e-16
1.052000000000000000e+03 5.411048746166127783e-16
1.053000000000000000e+03 5.975921272975557353e-16
1.054000000000000000e+03 5.041295509177353873e-16
1.055000000000000000e+03 5.956182138719460919e-16
1.056000000000000000e+03 5.759860450855340578e-16
1.057000000000000000e+03 5.325570369204536338e-16
1.058000000000000000e+03 6.509255928857368241e-16
1.059000000000000000e+03 5.273071253875253641e-16
1.060000000000000000e+03 5.467377250338944945e-16
1.061000000000000000e+03 5.582356755133591866e-16
1.062000000000000000e+03 5.473156899731500089e-16
1.063000000000000000e+03 5.839691616751232104e-16
1.064000000000000000e+03 4.874764424534346596e-16
1.065000000000000000e+03 5.477024593938941618e-16
1.066000000000000000e+03 5.543896468733750315e-16
1.067000000000000000e+03 5.628410681802961872e-16
1.068000000000000000e+03 5.648126958877494607e-16
1.069000000000000000e+03 5.837014912921357494e-16
1.070000000000000000e+03 5.377996534601194974e-16
1.071000000000000000e+03 6.206209260692648136e-16
1.072000000000000000e+03 5.516474919655109997e-16
1.073000000000000000e+03 6.228852222425783402e-16
1.074000000000000000e+03 6.025266809768081569e-16
1.075000000000000000e+03 5.245091383173914155e-16
1.076000000000000000e+03 5.825794266908586610e-16
1.077000000000000000e+03 6.540733434842617376e-16
1.078000000000000000e+03 5.620945220987725274e-16
1.079000000000000000e+03 5.210657441637835592e-16
1.080000000000000000e+03 5.365130784537619761e-16
1.081000000000000000e+03 6.257937057698119672e-16
1.082000000000000000e+03 5.136921977098825277e-16
1.083000000000000000e+03 5.381947103682058711e-16
1.084000000000000000e+03 5.591899671647304931e-16
1.085000000000000000e+03 5.223169069199535739e-16
1.086000000000000000e+03 5.536927813375056998e-16
1.087000000000000000e+03 5.597597670864852179e-16
1.088000000000000000e+03 5.168489265727890665e-16
1.089000000000000000e+03 5.754931439291595170e-16
1.090000000000000000e+03 4.925190349743524954e-16
1.091000000000000000e+03 5.380572094705521775e-16
1.092000000000000000e+03 5.027470247620626673e-16
1.093000000000000000e+03 5.193466669561480080e-16
1.094000000000000000e+03 5.018718536480593211e-16
1.095000000000000000e+03 5.952156268372828197e-16
1.096000000000000000e+03 5.804051575931221531e-16
1.097000000000000000e+03 5.174042024108964044e-16
1.098000000000000000e+03 6.094371027248087208e-16
1.099000000000000000e+03 5.447977076847542968e-16
1.100000000000000000e+03 5.285576450020026063e-16
1.101000000000000000e+03 5.727700559227669146e-16
1.102000000000000000e+03 6.732579720664220180e-16
1.103000000000000000e+03 6.244329117094908094e-16
1.104000000000000000e+03 5.315574043218624057e-16
1.105000000000000000e+03 5.352828312675180131e-16
1.106000000000000000e+03 5.789592365133245154e-16
1.107000000000000000e+03 5.520169526932507083e-16
1.108000000000000000e+03 5.852108742645754851e-16
1.109000000000000000e+03 5.290866714686690801e-16
1.110000000000000000e+03 6.414746236217744113e-16
1.111000000000000000e+03 5.619496509062531249e-16
1.112000000000000000e+03 5.582968366711903872e-16
1.113000000000000000e+03 5.761179840383315697e-16
1.114000000000000000e+03 5.071915036376529831e-16
1.115000000000000000e+03 6.182167825261851560e-16
1.116000000000000000e+03 5.831477663619995402e-16
1.117000000000000000e+03 5.665752683085916897e-16
1.118000000000000000e+03 5.036356684916880155e-16
1.119000000000000000e+03 5.203501981935666348e-16
1.120000000000000000e+03 5.321808524537220134e-16
1.121000000000000000e+03 6.000795222159521597e-16
1.122000000000000000e+03 5.140020762738255626e-16
1.123000000000000000e+03 5.149414318362585283e-16
1.124000000000000000e+03 6.869731335723500292e-16
1.125000000000000000e+03 4.684817265399505163e-16
1.126000000000000000e+03 4.892465236651482938e-16
1.127000000000000000e+03 5.293769959312562981e-16
1.128000000000000000e+03 5.494267054096330226e-16
1.129000000000000000e+03 5.952934636370631459e-16
1.130000000000000000e+03 6.080542820729271813e-16
1.131000000000000000e+03 5.565587784641172403e-16
1.132000000000000000e+03 5.644527739376896569e-16
1.133000000000000000e+03 5.596696558578743460e-16
1.134000000000000000e+03 5.316945021381012299e-16
1.135000000000000000e+03 5.619899615603903334e-16
1.136000000000000000e+03 5.338463811524852037e-16
1.137000000000000000e+03 4.965844713940716971e-16
1.138000000000000000e+03 4.894545054886787938e-16
1.139000000000000000e+03 6.336792385443530470e-16
1.140000000000000000e+03 5.746522063668259384e-16
1.141000000000000000e+03 5.766579634032801098e-16
1.142000000000000000e+03 5.679226573247159760e-16
1.143000000000000000e+03 5.875171340554603067e-16
1.144000000000000000e+03 5.852361192134907172e-16
1.145000000000000000e+03 5.108426978084578683e-16
1.146000000000000000e+03 4.841161927065204924e-16
1.147000000000000000e+03 6.176291517588282949e-16
1.148000000000000000e+03 5.528293722550196073e-16
1.149000000000000000e+03 5.585783709282120939e-16
1.150000000000000000e+03 5.604982937854026455e-16
1.151000000000000000e+03 6.001749170007346172e-16
1.152000000000000000e+03 4.788104158195030321e-16
1.153000000000000000e+03 5.412289386278616665e-16
1.154000000000000000e+03 5.392615698026911198e-16
1.155000000000000000e+03 5.899496222412463464e-16
1.156000000000000000e+03 4.722432108935643147e-16
1.157000000000000000e+03 5.594194826573632760e-16
1.158000000000000000e+03 5.889158438282329843e-16
1.159000000000000000e+03 6.105727222736651393e-16
1.160000000000000000e+03 5.597398250865653870e-16
1.161000000000000000e+03 6.013520510142353353e-16
1.162000000000000000e+03 4.927362963571450327e-16
1.163000000000000000e+03 5.032163354667687902e-16
1.164000000000000000e+03 4.906483555212167647e-16
1.165000000000000000e+03 5.717069364188296784e-16
1.166000000000000000e+03 5.478582892310050818e-16
1.167000000000000000e+03 5.816341584114648659e-16
1.168000000000000000e+03 5.796007321136346220e-16
1.169000000000000000e+03 5.997853098896167506e-16
1.170000000000000000e+03 5.481457838297361006e-16
1.171000000000000000e+03 5.567298209378697381e-16
1.172000000000000000e+03 5.092115358639039266e-16
1.173000000000000000e+03 4.938816657811374112e-16
1.174000000000000000e+03 5.256708429121700279e-16
1.175000000000000000e+03 5.386853243600613772e-16
1.176000000000000000e+03 5.149082772795320470e-16
1.177000000000000000e+03 5.569644027934507132e-16
1.178000000000000000e+03 5.272295261908372826e-16
1.179000000000000000e+03 5.390167712171321300e-16
1.180000000000000000e+03 5.268915991398316663e-16
1.181000000000000000e+03 5.722315714050158466e-16
1.182000000000000000e+03 5.722453408976650690e-16
1.183000000000000000e+03 6.039364965432234914e-16
1.184000000000000000e+03 5.454469525527592883e-16
1.185000000000000000e+03 6.254526037587547401e-16
1.186000000000000000e+03 6.112922890137263586e-16
1.187000000000000000e+03 5.603934354161807217e-16
1.188000000000000000e+03 5.432594401938139327e-16
1.189000000000000000e+03 5.407116403570858413e-16
1.190000000000000000e+03 5.678347810311580792e-16
1.191000000000000000e+03 5.580245003929710815e-16
1.192000000000000000e+03 5.984419750425451983e-16
1.193000000000000000e+03 5.173071098476782032e-16
1.194000000000000000e+03 5.166634107661707761e-16
1.195000000000000000e+03 5.311329179572722776e-16
1.196000000000000000e+03 5.373776541990712935e-16
1.197000000000000000e+03 5.901988836733788372e-16
1.198000000000000000e+03 5.767599359461841654e-16
1.199000000000000000e+03 5.147060360757089331e-16
1.200000000000000000e+03 5.094204697802442732e-16
1.201000000000000000e+03 6.260700588158913073e-16
1.202000000000000000e+03 6.011732932122119881e-16
1.203000000000000000e+03 5.747132628401201688e-16
1.204000000000000000e+03 6.794160515462395799e-16
1.205000000000000000e+03 5.699555534368728143e-16
1.206000000000000000e+03 4.675852526164595730e-16
1.207000000000000000e+03 6.268363249179079951e-16
1.208000000000000000e+03 5.277846888865790513e-16
1.209000000000000000e+03 5.493083778436547718e-16
1.210000000000000000e+03 5.549075802020413985e-16
1.211000000000000000e+03 5.170208028057870612e-16
1.212000000000000000e+03 5.122060168143309973e-16
1.213000000000000000e+03 6.161086003113390653e-16
1.214000000000000000e+03 5.959542872349362945e-16
1.215000000000000000e+03 5.864605943255943906e-16
1.216000000000000000e+03 5.539305015058737583e-16
1.217000000000000000e+03 5.624559531229821052e-16
1.218000000000000000e+03 5.410916020266140272e-16
1.219000000000000000e+03 5.189609066426266141e-16
1.220000000000000000e+03 6.189281916924756429e-16
1.221000000000000000e+03 6.030364126670220568e-16
1.222000000000000000e+03 5.173401106714598851e-16
1.223000000000000000e+03 5.325280616644214220e-16
1.224000000000000000e+03 5.826833210344270214e-16
1.225000000000000000e+03 5.609210430783900162e-16
1.226000000000000000e+03 6.290207740881577228e-16
1.227000000000000000e+03 4.939355079045805442e-16
1.228000000000000000e+03 5.505459708845495143e-16
1.229000000000000000e+03 5.549166767087581736e-16
1.230000000000000000e+03 5.224576863323804840e-16
1.231000000000000000e+03 5.848449807309039297e-16
1.232000000000000000e+03 5.564071554992540160e-16
1.233000000000000000e+03 5.897175141356659120e-16
1.234000000000000000e+03 5.751421891647073471e-16
1.235000000000000000e+03 5.635827660454776282e-16
1.236000000000000000e+03 5.815714998809425757e-16
1.237000000000000000e+03 5.660883096601317066e-16
1.238000000000000000e+03 5.798471524446366226e-16
1.239000000000000000e+03 5.574576383217635260e-16
1.240000000000000000e+03 5.906415083274003042e-16
1.241000000000000000e+03 5.661074480831424573e-16
1.242000000000000000e+03 5.113418986180955498e-16
1.243000000000000000e+03 5.921478245486514237e-16
1.244000000000000000e+03 5.715817335365563216e-16
1.245000000000000000e+03 5.556253760937521569e-16
1.246000000000000000e+03 5.533581847833312805e-16
1.247000000000000000e+03 5.146601879404556850e-16
1.248000000000000000e+03 5.693775774282206953e-16
1.249000000000000000e+03 6.009493443738987035e-16
1.250000000000000000e+03 5.955537190062334654e-16
1.251000000000000000e+03 5.552606814534574330e-16
1.252000000000000000e+03 5.845749032742298585e-16
1.253000000000000000e+03 5.863211837018230948e-16
1.254000000000000000e+03 5.329264103486742714e-16
1.255000000000000000e+03 5.812074811723625693e-16
1.256000000000000000e+03 5.699809700560932045e-16
1.257000000000000000e+03 5.756071581547302134e-16
1.258000000000000000e+03 4.932177952983776230e-16
1.259000000000000000e+03 5.734706466161277110e-16
1.260000000000000000e+03 5.135144922835015775e-16
1.261000000000000000e+03 5.031308608450363765e-16
1.262000000000000000e+03 6.136342827104195667e-16
1.263000000000000000e+03 5.776194038277881099e-16
1.264000000000000000e+03 5.918392682813123963e-16
1.265000000000000000e+03 5.396263540077456282e-16
1.266000000000000000e+03 5.914907966104061202e-16
1.267000000000000000e+03 5.238026054308932563e-16
1.268000000000000000e+03 5.977223179822089329e-16
1.269000000000000000e+03 6.350773454980100018e-16
1.270000000000000000e+03 5.704484193418136265e-16
1.271000000000000000e+03 5.759031759618676375e-16
1.272000000000000000e+03 6.869875303895129873e-16
1.273000000000000000e+03 4.936755490907124565e-16
1.274000000000000000e+03 6.065016067010630739e-16
1.275000000000000000e+03 6.064074102031947918e-16
1.276000000000000000e+03 6.399668022537378476e-16
1.277000000000000000e+03 5.724491910297941237e-16
1.278000000000000000e+03 5.610757616678685079e-16
1.279000000000000000e+03 5.254989844576669480e-16
1.280000000000000000e+03 5.455474621833327174e-16
1.281000000000000000e+03 5.350046098270241761e-16
1.282000000000000000e+03 6.070015776656328985e-16
1.283000000000000000e+03 5.831883006476403342e-16
1.284000000000000000e+03 5.224708824574928479e-16
1.285000000000000000e+03 5.176275096181084388e-16
1.286000000000000000e+03 5.319371156835102555e-16
1.287000000000000000e+03 5.395555465871776383e-16
1.288000000000000000e+03 6.349853845427186645e-16
1.289000000000000000e+03 4.911185317601218833e-16
1.290000000000000000e+03 5.263046171623680746e-16
1.291000000000000000e+03 5.836092402878695142e-16
1.292000000000000000e+03 5.605035654759559588e-16
1.293000000000000000e+03 5.849583648533681540e-16
1.294000000000000000e+03 5.690369142897956626e-16
1.295000000000000000e+03 4.887805919129774585e-16
1.296000000000000000e+03 5.444643530583188511e-16
1.297000000000000000e+03 6.593650395435132217e-16
1.298000000000000000e+03 5.238702934459367364e-16
1.299000000000000000e+03 5.200990234802426916e-16
1.300000000000000000e+03 4.871867563780513796e-16
1.301000000000000000e+03 5.097361656328619613e-16
1.302000000000000000e+03 5.509674182721636079e-16
1.303000000000000000e+03 5.131063520445447818e-16
1.304000000000000000e+03 5.577196555364421607e-16
1.305000000000000000e+03 6.170675643552840302e-16
1.306000000000000000e+03 5.450326814770541010e-16
1.307000000000000000e+03 4.993476036592704017e-16
1.308000000000000000e+03 5.844159428335913099e-16
1.309000000000000000e+03 5.409458855024111094e-16
1.310000000000000000e+03 5.661966796888791917e-16
1.311000000000000000e+03 4.288732167296153194e-16
1.312000000000000000e+03 5.456118508373697049e-16
1.313000000000000000e+03 5.843148147530082852e-16
1.314000000000000000e+03 6.368176983692893001e-16
1.315000000000000000e+03 5.400615661409341202e-16
1.316000000000000000e+03 5.406169118570455856e-16
1.317000000000000000e+03 5.682896251417542413e-16
1.318000000000000000e+03 5.230361177844954121e-16
1.319000000000000000e+03 6.108823634538976543e-16
1.320000000000000000e+03 5.181226288166629334e-16
1.321000000000000000e+03 5.438266130016182319e-16
1.322000000000000000e+03 6.071775381526472940e-16
1.323000000000000000e+03 6.003543138609039780e-16
1.324000000000000000e+03 5.573439610979874670e-16
1.325000000000000000e+03 5.636733437954613007e-16
1.326000000000000000e+03 4.960128385039863601e-16
1.327000000000000000e+03 5.738254844286623839e-16
1.328000000000000000e+03 5.115357625343671190e-16
1.329000000000000000e+03 5.055101631923967006e-16
1.330000000000000000e+03 6.048946755754979923e-16
1.331000000000000000e+03 5.529433838643226591e-16
1.332000000000000000e+03 5.311446623162698946e-16
1.333000000000000000e+03 4.970411062065768405e-16
1.334000000000000000e+03 5.064543300689773912e-16
1.335000000000000000e+03 5.268817072271577462e-16
1.336000000000000000e+03 5.789683095429710949e-16
1.337000000000000000e+03 5.528079924605220182e-16
1.338000000000000000e+03 5.832847693604658422e-16
1.339000000000000000e+03 5.078067215433000236e-16
1.340000000000000000e+03 5.192126319325435864e-16
1.341000000000000000e+03 5.413306104784498100e-16
1.342000000000000000e+03 5.487624262150351445e-16
1.343000000000000000e+03 5.286055484611930307e-16
1.344000000000000000e+03 5.526678155471515221e-16
1.345000000000000000e+03 5.387121401416791628e-16
1.346000000000000000e+03 5.585501577619982050e-16
1.347000000000000000e+03 5.642543989892718121e-16
1.348000000000000000e+03 6.302992662919520574e-16
1.349000000000000000e+03 5.383789049893900021e-16
1.350000000000000000e+03 6.002009684242544769e-16
1.351000000000000000e+03 5.573050817009562570e-16
1.352000000000000000e+03 5.679812580516651058e-16
1.353000000000000000e+03 5.376500678883438558e-16
1.354000000000000000e+03 5.551081124916334459e-16
1.355000000000000000e+03 5.329588290336044691e-16
1.356000000000000000e+03 5.550223479608752851e-16
1.357000000000000000e+03 5.601438052664669307e-16
1.358000000000000000e+03 5.097934853288872643e-16
1.359000000000000000e+03 5.534721616084961659e-16
1.360000000000000000e+03 5.354871107682523853e-16
1.361000000000000000e+03 5.353331993448930047e-16
1.362000000000000000e+03 5.321660463163158379e-16
1.363000000000000000e+03 5.914465987325740600e-16
1.364000000000000000e+03 5.774593104540720307e-16
1.365000000000000000e+03 5.651380417578962673e-16
1.366000000000000000e+03 5.758461653423620628e-16
1.367000000000000000e+03 5.312583837296461794e-16
1.368000000000000000e+03 4.980355275952128683e-16
1.369000000000000000e+03 5.692365063388271128e-16
1.370000000000000000e+03 5.884668303223340426e-16
1.371000000000000000e+03 5.233693202957773682e-16
1.372000000000000000e+03 5.303782620239636314e-16
1.373000000000000000e+03 6.094968965752433187e-16
1.374000000000000000e+03 5.486301919602667601e-16
1.375000000000000000e+03 6.543674179277059790e-16
1.376000000000000000e+03 5.390929020889355471e-16
1.377000000000000000e+03 5.263021219496348258e-16
1.378000000000000000e+03 5.014425342300183667e-16
1.379000000000000000e+03 5.502823277801184086e-16
1.380000000000000000e+03 5.577526197697567085e-16
1.381000000000000000e+03 4.907192786469113080e-16
1.382000000000000000e+03 5.398408491100210863e-16
1.383000000000000000e+03 5.995031382055160804e-16
1.384000000000000000e+03 5.353993529528677903e-16
1.385000000000000000e+03 5.749435052193575563e-16
1.386000000000000000e+03 5.501409105502870186e-16
1.387000000000000000e+03 6.046632140523741925e-16
1.388000000000000000e+03 5.351935830351778036e-16
1.389000000000000000e+03 5.850857554440944557e-16
1.390000000000000000e+03 5.608045553494175856e-16
1.391000000000000000e+03 6.007148597200954522e-16
1.392000000000000000e+03 5.836817344915138028e-16
1.393000000000000000e+03 5.676167659802241960e-16
1.394000000000000000e+03 5.439466611708113845e-16
1.395000000000000000e+03 5.237336549415007033e-16
1.396000000000000000e+03 5.925738268187697818e-16
1.397000000000000000e+03 6.056386746003004083e-16
1.398000000000000000e+03 5.458773737545264710e-16
1.399000000000000000e+03 5.203022445493122120e-16
1.400000000000000000e+03 5.732822644529717076e-16
1.401000000000000000e+03 4.263966038904705451e-16
1.402000000000000000e+03 5.576030877995846852e-16
1.403000000000000000e+03 5.883882299356111072e-16
1.404000000000000000e+03 6.534581071284006786e-16
1.405000000000000000e+03 5.134454390548644908e-16
1.406000000000000000e+03 6.265445245243959520e-16
1.407000000000000000e+03 5.327222274149762757e-16
1.408000000000000000e+03 6.326809138248158552e-16
1.409000000000000000e+03 5.344044995284440412e-16
1.410000000000000000e+03 5.479212079485147726e-16
1.411000000000000000e+03 6.041346801154972857e-16
1.412000000000000000e+03 5.421590436468874909e-16
1.413000000000000000e+03 6.104422469770154973e-16
1.414000000000000000e+03 5.489576528234110594e-16
1.415000000000000000e+03 5.611737646099281202e-16
1.416000000000000000e+03 5.497851182762775851e-16
1.417000000000000000e+03 5.661224538941012896e-16
1.418000000000000000e+03 5.563800123987004761e-16
1.419000000000000000e+03 6.132061132847817733e-16
1.420000000000000000e+03 5.487654175716478754e-16
1.421000000000000000e+03 6.367573764649356022e-16
1.422000000000000000e+03 6.042536813081387876e-16
1.423000000000000000e+03 5.230662465117957414e-16
1.424000000000000000e+03 5.587177260050475958e-16
1.425000000000000000e+03 5.734139666997058957e-16
1.426000000000000000e+03 5.303832140849079048e-16
1.427000000000000000e+03 5.373978150996144113e-16
1.428000000000000000e+03 5.948790671860763380e-16
1.429000000000000000e+03 5.289774483900999957e-16
1.430000000000000000e+03 5.339428488550172407e-16
1.431000000000000000e+03 5.531434411694650154e-16
1.432000000000000000e+03 6.545786082873099386e-16
1.433000000000000000e+03 5.505674385185323921e-16
1.434000000000000000e+03 5.278248874902223387e-16
1.435000000000000000e+03 5.509155743911045900e-16
1.436000000000000000e+03 5.320407174542944172e-16
1.437000000000000000e+03 5.837427604584737223e-16
1.438000000000000000e+03 6.083216935139266522e-16
1.439000000000000000e+03 6.073876369871976419e-16
1.440000000000000000e+03 5.872801513489617348e-16
1.441000000000000000e+03 6.323134129199597572e-16
1.442000000000000000e+03 6.249731065632832004e-16
1.443000000000000000e+03 5.723310341988563178e-16
1.444000000000000000e+03 5.642061036231974754e-16
1.445000000000000000e+03 5.485410205578062569e-16
1.446000000000000000e+03 5.752454291842832757e-16
1.447000000000000000e+03 5.240125351237242997e-16
1.448000000000000000e+03 5.130270848366544263e-16
1.449000000000000000e+03 5.183525936528719529e-16
1.450000000000000000e+03 5.116981151700456304e-16
1.451000000000000000e+03 5.371949497357015751e-16
1.452000000000000000e+03 5.304246857803258180e-16
1.453000000000000000e+03 4.953552209673633645e-16
1.454000000000000000e+03 5.106499369933029421e-16
1.455000000000000000e+03 4.462019780898641073e-16
1.456000000000000000e+03 6.069057682797296509e-16
1.457000000000000000e+03 5.046398653943878310e-16
1.458000000000000000e+03 5.785930068896528462e-16
1.459000000000000000e+03 5.639372032299980370e-16
1.460000000000000000e+03 4.955725639239760904e-16
1.461000000000000000e+03 6.165123882851386625e-16
1.462000000000000000e+03 5.755490486605479342e-16
1.463000000000000000e+03 5.260716536414242271e-16
1.464000000000000000e+03 5.287318468197997319e-16
1.465000000000000000e+03 5.117834419492123629e-16
1.466000000000000000e+03 6.266042577473032477e-16
1.467000000000000000e+03 6.444912725324366924e-16
1.468000000000000000e+03 5.190500996663226889e-16
1.469000000000000000e+03 5.555775124904882125e-16
1.470000000000000000e+03 5.285856733227363346e-16
1.471000000000000000e+03 5.738159724874241365e-16
1.472000000000000000e+03 5.273204336310802819e-16
1.473000000000000000e+03 6.425755943026868813e-16
1.474000000000000000e+03 4.889444571450318204e-16
1.475000000000000000e+03 5.599344491659770017e-16
1.476000000000000000e+03 5.866846876328616733e-16
1.477000000000000000e+03 5.358382280665902433e-16
1.478000000000000000e+03 5.431597160623958472e-16
1.479000000000000000e+03 5.787964648875746039e-16
1.480000000000000000e+03 5.411631184768457021e-16
1.481000000000000000e+03 6.204940187368371825e-16
1.482000000000000000e+03 5.677295428384900983e-16
1.483000000000000000e+03 5.702165058772394208e-16
1.484000000000000000e+03 5.224265013074477402e-16
1.485000000000000000e+03 5.196866572602090436e-16
1.486000000000000000e+03 5.131012332405598101e-16
1.487000000000000000e+03 5.778728475592303793e-16
1.488000000000000000e+03 5.179984180310808089e-16
1.489000000000000000e+03 4.929234908268084610e-16
1.490000000000000000e+03 5.825492058069151850e-16
1.491000000000000000e+03 6.294246243013274278e-16
1.492000000000000000e+03 5.393585907246278167e-16
1.493000000000000000e+03 6.039748882234042233e-16
1.494000000000000000e+03 5.167451380509660481e-16
1.495000000000000000e+03 5.148323963177285289e-16
1.496000000000000000e+03 5.743029529179474263e-16
1.497000000000000000e+03 5.538231399133226468e-16
1.498000000000000000e+03 5.319371156835102555e-16
1.499000000000000000e+03 5.613319959200133969e-16
1.500000000000000000e+03 5.524963326189059648e-16
