0.000000000000000000e+00 6.403172963783900773e-01
1.000000000000000000e+00 2.250232792670881221e-01
2.000000000000000000e+00 7.402613528717892633e-02
3.000000000000000000e+00 2.192434992928916221e-02
4.000000000000000000e+00 5.201695247990890079e-03
5.000000000000000000e+00 1.435032166823271491e-03
6.000000000000000000e+00 4.194148725365462764e-04
7.000000000000000000e+00 9.774647046149676822e-05
8.000000000000000000e+00 2.815967963293851563e-05
9.000000000000000000e+00 7.381460372097287031e-06
1.000000000000000000e+01 1.699711420280872030e-06
1.100000000000000000e+01 4.226540819399910777e-07
1.200000000000000000e+01 1.120730032980602116e-07
1.300000000000000000e+01 3.125712090704472710e-08
1.400000000000000000e+01 8.795792623724120528e-09
1.500000000000000000e+01 2.495477204449523305e-09
1.600000000000000000e+01 5.857471611458625244e-10
1.700000000000000000e+01 1.189940360981717833e-10
1.800000000000000000e+01 2.675709921014999311e-11
1.900000000000000000e+01 7.132723469784657652e-12
2.000000000000000000e+01 1.932813312668209292e-12
2.100000000000000000e+01 6.146635245101140391e-13
2.200000000000000000e+01 1.821829134032702250e-13
2.300000000000000000e+01 4.877308553394867945e-14
2.400000000000000000e+01 1.272967649981408249e-14
2.500000000000000000e+01 3.423693324682150998e-15
2.600000000000000000e+01 9.283607695041050958e-16
2.700000000000000000e+01 6.385121107040337165e-16
2.800000000000000000e+01 5.112053634060102254e-16
2.900000000000000000e+01 4.845598471402896398e-16
3.000000000000000000e+01 4.610112553730780012e-16
3.100000000000000000e+01 5.576315696665509255e-16
3.200000000000000000e+01 5.430490159451688605e-16
3.300000000000000000e+01 5.870885809949551553e-16
3.400000000000000000e+01 5.576990519011805612e-16
3.500000000000000000e+01 5.318235394054315770e-16
3.600000000000000000e+01 5.881577384513954290e-16
3.700000000000000000e+01 5.365400028022665877e-16
3.800000000000000000e+01 5.176064993744503442e-16
3.900000000000000000e+01 5.006155004902396401e-16
4.000000000000000000e+01 5.410485207482496123e-16
4.100000000000000000e+01 5.708433833999004783e-16
4.200000000000000000e+01 5.622903747320736915e-16
4.300000000000000000e+01 6.062240504906538109e-16
4.400000000000000000e+01 5.601786048728821824e-16
4.500000000000000000e+01 5.363762176223549311e-16
4.600000000000000000e+01 5.902845429809553492e-16
4.700000000000000000e+01 6.232708588061090256e-16
4.800000000000000000e+01 6.381221794506461456e-16
4.900000000000000000e+01 6.003310718640382245e-16
5.000000000000000000e+01 6.609798020185307571e-16
5.100000000000000000e+01 6.745365168615729441e-16
5.200000000000000000e+01 5.910887310097467297e-16
5.300000000000000000e+01 6.439546413419320691e-16
5.400000000000000000e+01 6.466056090017440246e-16
5.500000000000000000e+01 5.799869163361165397e-16
5.600000000000000000e+01 6.529929528602005428e-16
5.700000000000000000e+01 5.818232220714581835e-16
5.800000000000000000e+01 4.909165215100535519e-16
5.900000000000000000e+01 5.817054877788794520e-16
6.000000000000000000e+01 5.790204058283283220e-16
6.100000000000000000e+01 5.590907356532034979e-16
6.200000000000000000e+01 6.047785148139577156e-16
6.300000000000000000e+01 5.431591116179014517e-16
6.400000000000000000e+01 6.344531323782963273e-16
6.500000000000000000e+01 5.774536250087499306e-16
6.600000000000000000e+01 6.395983546201568479e-16
6.700000000000000000e+01 5.693147232942908452e-16
6.800000000000000000e+01 5.910720678087181324e-16
6.900000000000000000e+01 5.900995116442584350e-16
7.000000000000000000e+01 6.457355130474982975e-16
7.100000000000000000e+01 5.744670691914739555e-16
7.200000000000000000e+01 5.877793663917356975e-16
7.300000000000000000e+01 5.962420616899601760e-16
7.400000000000000000e+01 5.810628551159137402e-16
7.500000000000000000e+01 4.935590717346072596e-16
7.600000000000000000e+01 7.246715071387832780e-16
7.700000000000000000e+01 6.769063864003432299e-16
7.800000000000000000e+01 5.828921102482586744e-16
7.900000000000000000e+01 5.858265404509515747e-16
8.000000000000000000e+01 4.872284514657209306e-16
8.100000000000000000e+01 6.485218491486022422e-16
8.200000000000000000e+01 5.262746738287571285e-16
8.300000000000000000e+01 5.150570575883139337e-16
8.400000000000000000e+01 6.277898843135985306e-16
8.500000000000000000e+01 6.334115829570578072e-16
8.600000000000000000e+01 5.565129861933658015e-16
8.700000000000000000e+01 5.775161618288747759e-16
8.800000000000000000e+01 5.561079181574513298e-16
8.900000000000000000e+01 6.329766281593201810e-16
9.000000000000000000e+01 5.574181778711186528e-16
9.100000000000000000e+01 5.327252318050248343e-16
9.200000000000000000e+01 5.878573500811487754e-16
9.300000000000000000e+01 5.793403939278267913e-16
9.400000000000000000e+01 5.536951531149622274e-16
9.500000000000000000e+01 5.719222442232766296e-16
9.600000000000000000e+01 6.020163813557628077e-16
9.700000000000000000e+01 6.242827198473276694e-16
9.800000000000000000e+01 6.132065817584103844e-16
9.900000000000000000e+01 5.932095239808565115e-16
1.000000000000000000e+02 5.210034419217963698e-16
1.010000000000000000e+02 5.620051503322273116e-16
1.020000000000000000e+02 5.407030638605041589e-16
1.030000000000000000e+02 5.350295390917197756e-16
1.040000000000000000e+02 5.791072225560043558e-16
1.050000000000000000e+02 5.405892036696105572e-16
1.060000000000000000e+02 5.636833181081149401e-16
1.070000000000000000e+02 5.801963929475253272e-16
1.080000000000000000e+02 5.773285310463425647e-16
1.090000000000000000e+02 6.772254510409041266e-16
1.100000000000000000e+02 5.659723053709778976e-16
1.110000000000000000e+02 6.745258089592876604e-16
1.120000000000000000e+02 6.005345455113602361e-16
1.130000000000000000e+02 6.012425775528414662e-16
1.140000000000000000e+02 5.702978985998619233e-16
1.150000000000000000e+02 5.985472984019482840e-16
1.160000000000000000e+02 5.479364122212660970e-16
1.170000000000000000e+02 6.454072396291068627e-16
1.180000000000000000e+02 5.367889890049439454e-16
1.190000000000000000e+02 6.024786607849706621e-16
1.200000000000000000e+02 6.373110794483227466e-16
1.210000000000000000e+02 5.730714062897873877e-16
1.220000000000000000e+02 5.973530958770993052e-16
1.230000000000000000e+02 5.373776541990712935e-16
1.240000000000000000e+02 5.798637843442594991e-16
1.250000000000000000e+02 5.488248674020714217e-16
1.260000000000000000e+02 5.791191278352465483e-16
1.270000000000000000e+02 6.032988377638655654e-16
1.280000000000000000e+02 5.768039785242476304e-16
1.290000000000000000e+02 6.078020801800957180e-16
1.300000000000000000e+02 5.980874696380560067e-16
1.310000000000000000e+02 5.812673548641731992e-16
1.320000000000000000e+02 6.393219437378118508e-16
1.330000000000000000e+02 5.624196891300178976e-16
1.340000000000000000e+02 6.484965364991481277e-16
1.350000000000000000e+02 5.534700113196113508e-16
1.360000000000000000e+02 5.546827085645688547e-16
1.370000000000000000e+02 5.959336282212159247e-16
1.380000000000000000e+02 6.720411778309893272e-16
1.390000000000000000e+02 6.158804869936834054e-16
1.400000000000000000e+02 6.456533967788160923e-16
1.410000000000000000e+02 5.911560039073713956e-16
1.420000000000000000e+02 5.878170679452134621e-16
1.430000000000000000e+02 5.948145611699113531e-16
1.440000000000000000e+02 5.919984537627589749e-16
1.450000000000000000e+02 6.299574117840250673e-16
1.460000000000000000e+02 6.647506214096888082e-16
1.470000000000000000e+02 5.384813435975216477e-16
1.480000000000000000e+02 6.292242316825861008e-16
1.490000000000000000e+02 5.408475558727966413e-16
1.500000000000000000e+02 4.852284587205454912e-16
1.510000000000000000e+02 6.480848140876612536e-16
1.520000000000000000e+02 6.095358806226538218e-16
1.530000000000000000e+02 5.827214227235651239e-16
1.540000000000000000e+02 5.994691837895549704e-16
1.550000000000000000e+02 5.788845912710137882e-16
1.560000000000000000e+02 6.029695124044672712e-16
1.570000000000000000e+02 5.978618157654998590e-16
1.580000000000000000e+02 5.480284527271900035e-16
1.590000000000000000e+02 5.969670780147064468e-16
1.600000000000000000e+02 7.135764145827323254e-16
1.610000000000000000e+02 5.481578374851878663e-16
1.620000000000000000e+02 5.452278134641403613e-16
1.630000000000000000e+02 6.615382932703013837e-16
1.640000000000000000e+02 5.737287127361741984e-16
1.650000000000000000e+02 6.427130191783625096e-16
1.660000000000000000e+02 6.367687194814688340e-16
1.670000000000000000e+02 5.528014595806088671e-16
1.680000000000000000e+02 6.184598934617011333e-16
1.690000000000000000e+02 6.499711225298908112e-16
1.700000000000000000e+02 6.170340444051536672e-16
1.710000000000000000e+02 5.184595432178698639e-16
1.720000000000000000e+02 6.003267651599230353e-16
1.730000000000000000e+02 5.927593319921774126e-16
1.740000000000000000e+02 6.366284643525223288e-16
1.750000000000000000e+02 6.147589447970549290e-16
1.760000000000000000e+02 6.465436613419790928e-16
1.770000000000000000e+02 6.271337481554137552e-16
1.780000000000000000e+02 5.781432165104909190e-16
1.790000000000000000e+02 5.729861102056701176e-16
1.800000000000000000e+02 6.367790311393444517e-16
1.810000000000000000e+02 6.197551393814639503e-16
1.820000000000000000e+02 5.592221842605741918e-16
1.830000000000000000e+02 6.317510423759294065e-16
1.840000000000000000e+02 6.082221786414830642e-16
1.850000000000000000e+02 6.394590410133706368e-16
1.860000000000000000e+02 5.963059315340667051e-16
1.870000000000000000e+02 5.912798382235388296e-16
1.880000000000000000e+02 5.827002241245046558e-16
1.890000000000000000e+02 5.186346047337729218e-16
1.900000000000000000e+02 7.026666845738058091e-16
1.910000000000000000e+02 5.867526752935821102e-16
1.920000000000000000e+02 5.933984266924630353e-16
1.930000000000000000e+02 6.541927958042051136e-16
1.940000000000000000e+02 6.062857857552347295e-16
1.950000000000000000e+02 5.849686777888517339e-16
1.960000000000000000e+02 5.571188942661764119e-16
1.970000000000000000e+02 6.291511797777168076e-16
1.980000000000000000e+02 6.002949766262746507e-16
1.990000000000000000e+02 5.901395684429958851e-16
2.000000000000000000e+02 5.578444384340753065e-16
2.010000000000000000e+02 6.107645866006043495e-16
2.020000000000000000e+02 5.663708981143160693e-16
2.030000000000000000e+02 5.953033907167291511e-16
2.040000000000000000e+02 5.604185534186112750e-16
2.050000000000000000e+02 6.147589447970549290e-16
2.060000000000000000e+02 6.646417110588470475e-16
2.070000000000000000e+02 6.567509541424785132e-16
2.080000000000000000e+02 6.013392892367362063e-16
2.090000000000000000e+02 5.907987242554243541e-16
2.100000000000000000e+02 5.698623014575991350e-16
2.110000000000000000e+02 5.748392114928073759e-16
2.120000000000000000e+02 6.178459920009662000e-16
2.130000000000000000e+02 6.098926809032096924e-16
2.140000000000000000e+02 5.712122107752596252e-16
2.150000000000000000e+02 6.443318077570290561e-16
2.160000000000000000e+02 5.985878868323625768e-16
2.170000000000000000e+02 6.454390953124523797e-16
2.180000000000000000e+02 6.265010309635788400e-16
2.190000000000000000e+02 5.607594757150267396e-16
2.200000000000000000e+02 6.205788689844498801e-16
2.210000000000000000e+02 6.396474376297056130e-16
2.220000000000000000e+02 5.942086911031661493e-16
2.230000000000000000e+02 6.509114702703266497e-16
2.240000000000000000e+02 5.737069672571457799e-16
2.250000000000000000e+02 6.274718433764400275e-16
2.260000000000000000e+02 5.626006939413334639e-16
2.270000000000000000e+02 6.403240784950403280e-16
2.280000000000000000e+02 5.026199124086128175e-16
2.290000000000000000e+02 5.782516693526361622e-16
2.300000000000000000e+02 5.886843738108900376e-16
2.310000000000000000e+02 5.798635012520865175e-16
2.320000000000000000e+02 5.515471266715786900e-16
2.330000000000000000e+02 6.302564876438038715e-16
2.340000000000000000e+02 6.329783786880354480e-16
2.350000000000000000e+02 5.655556539306069997e-16
2.360000000000000000e+02 5.739501978539060289e-16
2.370000000000000000e+02 5.393230564596325846e-16
2.380000000000000000e+02 6.448375776783070040e-16
2.390000000000000000e+02 6.190547570969034198e-16
2.400000000000000000e+02 6.367310805130701012e-16
2.410000000000000000e+02 5.429825850417639999e-16
2.420000000000000000e+02 6.102236501247723715e-16
2.430000000000000000e+02 5.656060833356195998e-16
2.440000000000000000e+02 6.391324238163138679e-16
2.450000000000000000e+02 6.086119815247490923e-16
2.460000000000000000e+02 6.943317918514788860e-16
2.470000000000000000e+02 6.807272210534350189e-16
2.480000000000000000e+02 5.455618299365129674e-16
2.490000000000000000e+02 5.534308597715212742e-16
2.500000000000000000e+02 6.006853462829471251e-16
2.510000000000000000e+02 6.169528307851183320e-16
2.520000000000000000e+02 6.073516232752323491e-16
2.530000000000000000e+02 5.517141440714719506e-16
2.540000000000000000e+02 5.987583693186870544e-16
2.550000000000000000e+02 6.447245396846153066e-16
2.560000000000000000e+02 6.353608348998955051e-16
2.570000000000000000e+02 6.132914365065132991e-16
2.580000000000000000e+02 5.541313133269571221e-16
2.590000000000000000e+02 6.562638710440550728e-16
2.600000000000000000e+02 6.145303304882255098e-16
2.610000000000000000e+02 6.582928349763403617e-16
2.620000000000000000e+02 5.576019102233797505e-16
2.630000000000000000e+02 6.084649663370483593e-16
2.640000000000000000e+02 6.122949239899139368e-16
2.650000000000000000e+02 6.091687661881265051e-16
2.660000000000000000e+02 6.608397173262901243e-16
2.670000000000000000e+02 5.532243785158014410e-16
2.680000000000000000e+02 5.426864567758778482e-16
2.690000000000000000e+02 5.881252921747392511e-16
2.700000000000000000e+02 6.373737312804182397e-16
2.710000000000000000e+02 6.234136583209564401e-16
2.720000000000000000e+02 6.102679675335484060e-16
2.730000000000000000e+02 5.469624867173957114e-16
2.740000000000000000e+02 6.616544131271900824e-16
2.750000000000000000e+02 6.377292426794495357e-16
2.760000000000000000e+02 5.250040210810229542e-16
2.770000000000000000e+02 6.600657357689271533e-16
2.780000000000000000e+02 5.692155265072264637e-16
2.790000000000000000e+02 6.526248164596075044e-16
2.800000000000000000e+02 6.235099587498389306e-16
2.810000000000000000e+02 5.754457917965810937e-16
2.820000000000000000e+02 5.489771641903180146e-16
2.830000000000000000e+02 5.888355610128630179e-16
2.840000000000000000e+02 6.028428375566061263e-16
2.850000000000000000e+02 5.780590947674313165e-16
2.860000000000000000e+02 6.363044574270048186e-16
2.870000000000000000e+02 5.184336588554911711e-16
2.880000000000000000e+02 5.904743814440482538e-16
2.890000000000000000e+02 5.885371223961813885e-16
2.900000000000000000e+02 5.774160996656229005e-16
2.910000000000000000e+02 5.543113968858887194e-16
2.920000000000000000e+02 6.553737857764525636e-16
2.930000000000000000e+02 5.731356385368670170e-16
2.940000000000000000e+02 6.182353693191941152e-16
2.950000000000000000e+02 5.641658785740694314e-16
2.960000000000000000e+02 6.530596302311158070e-16
2.970000000000000000e+02 6.034263690188073993e-16
2.980000000000000000e+02 6.212310944428270883e-16
2.990000000000000000e+02 6.564742637662336899e-16
3.000000000000000000e+02 5.675710705158543642e-16
3.010000000000000000e+02 6.170494079416622632e-16
3.020000000000000000e+02 6.639431244529799127e-16
3.030000000000000000e+02 5.144265781045939275e-16
3.040000000000000000e+02 5.641153204211602535e-16
3.050000000000000000e+02 5.700316559072243695e-16
3.060000000000000000e+02 6.152804200672981522e-16
3.070000000000000000e+02 5.638914279219222725e-16
3.080000000000000000e+02 6.328049231501602738e-16
3.090000000000000000e+02 5.587283029362971933e-16
3.100000000000000000e+02 5.699546893959029068e-16
3.110000000000000000e+02 5.736382919115810587e-16
3.120000000000000000e+02 6.173986090849162103e-16
3.130000000000000000e+02 5.573710572557458161e-16
3.140000000000000000e+02 5.765988210295323658e-16
3.150000000000000000e+02 5.543398998158771719e-16
3.160000000000000000e+02 5.255021863328845902e-16
3.170000000000000000e+02 5.741774584258539556e-16
3.180000000000000000e+02 6.458720114147333006e-16
3.190000000000000000e+02 5.874586657803200348e-16
3.200000000000000000e+02 5.913969849351285718e-16
3.210000000000000000e+02 5.742206985202788360e-16
3.220000000000000000e+02 6.773514232015239373e-16
3.230000000000000000e+02 6.371245684732703089e-16
3.240000000000000000e+02 6.268829375300232630e-16
3.250000000000000000e+02 5.217125070167954733e-16
3.260000000000000000e+02 5.202687216963822729e-16
3.270000000000000000e+02 6.180013340914867830e-16
3.280000000000000000e+02 5.724010135195054018e-16
3.290000000000000000e+02 5.651174181106262364e-16
3.300000000000000000e+02 5.391623240715344240e-16
3.310000000000000000e+02 6.071340090726444404e-16
3.320000000000000000e+02 5.240733050365676972e-16
3.330000000000000000e+02 5.399815438415609833e-16
3.340000000000000000e+02 4.804826069443530948e-16
3.350000000000000000e+02 6.168109972547851279e-16
3.360000000000000000e+02 5.652908801941582923e-16
3.370000000000000000e+02 5.813947777463525776e-16
3.380000000000000000e+02 5.580150132840886460e-16
3.390000000000000000e+02 5.865120251173762601e-16
3.400000000000000000e+02 5.784451730794278442e-16
3.410000000000000000e+02 5.562425063481841768e-16
3.420000000000000000e+02 5.001628674728154612e-16
3.430000000000000000e+02 5.631337398070645993e-16
3.440000000000000000e+02 5.534163996926060354e-16
3.450000000000000000e+02 5.889927712577619238e-16
3.460000000000000000e+02 6.106587494617716184e-16
3.470000000000000000e+02 5.490614812047244341e-16
3.480000000000000000e+02 5.811495785756647609e-16
3.490000000000000000e+02 5.505829424002875158e-16
3.500000000000000000e+02 6.455944089888066352e-16
3.510000000000000000e+02 6.363539879714744033e-16
3.520000000000000000e+02 5.337701170538779303e-16
3.530000000000000000e+02 6.560935066895855780e-16
3.540000000000000000e+02 6.067527258683214354e-16
3.550000000000000000e+02 5.632925862329690415e-16
3.560000000000000000e+02 5.472029057279165358e-16
3.570000000000000000e+02 6.074665488752014144e-16
3.580000000000000000e+02 5.441971603579657185e-16
3.590000000000000000e+02 6.063960406707967042e-16
3.600000000000000000e+02 5.523165488905485862e-16
3.610000000000000000e+02 5.932113918597536609e-16
3.620000000000000000e+02 5.527075408987569317e-16
3.630000000000000000e+02 5.444630716907392652e-16
3.640000000000000000e+02 5.596447242332405077e-16
3.650000000000000000e+02 5.595379456524798628e-16
3.660000000000000000e+02 5.974053063040573203e-16
3.670000000000000000e+02 5.800447227419958939e-16
3.680000000000000000e+02 5.409495269972933892e-16
3.690000000000000000e+02 5.518898855152359228e-16
3.700000000000000000e+02 5.563041079499585070e-16
3.710000000000000000e+02 5.457833162648425760e-16
3.720000000000000000e+02 5.186206779523884681e-16
3.730000000000000000e+02 5.441066590536079996e-16
3.740000000000000000e+02 6.318797155555581291e-16
3.750000000000000000e+02 5.503863536471621415e-16
3.760000000000000000e+02 5.325749144834908539e-16
3.770000000000000000e+02 4.821381036009122184e-16
3.780000000000000000e+02 4.798186721095979812e-16
3.790000000000000000e+02 5.122139487814698049e-16
3.800000000000000000e+02 5.933262896942127594e-16
3.810000000000000000e+02 5.559266448651150953e-16
3.820000000000000000e+02 5.208477719007786726e-16
3.830000000000000000e+02 5.879226892358226561e-16
3.840000000000000000e+02 5.638050341875386360e-16
3.850000000000000000e+02 5.457269943098674467e-16
3.860000000000000000e+02 5.386694780434512376e-16
3.870000000000000000e+02 5.615401732398790703e-16
3.880000000000000000e+02 5.892629828372587345e-16
3.890000000000000000e+02 6.079176631997641468e-16
3.900000000000000000e+02 5.834995326130362743e-16
3.910000000000000000e+02 5.521206517371504688e-16
3.920000000000000000e+02 6.678192631776526270e-16
3.930000000000000000e+02 5.971766458221882919e-16
3.940000000000000000e+02 5.999230282499763155e-16
3.950000000000000000e+02 7.273538434027286128e-16
3.960000000000000000e+02 5.701641090127444515e-16
3.970000000000000000e+02 5.689530330125177551e-16
3.980000000000000000e+02 5.768560568457864986e-16
3.990000000000000000e+02 5.167953276052789007e-16
4.000000000000000000e+02 5.692305224794251141e-16
4.010000000000000000e+02 5.255584112063646468e-16
4.020000000000000000e+02 5.549175641648445924e-16
4.030000000000000000e+02 5.429014814650693533e-16
4.040000000000000000e+02 5.327641332743114986e-16
4.050000000000000000e+02 5.809021565149634280e-16
4.060000000000000000e+02 6.524685975006646015e-16
4.070000000000000000e+02 5.378906055673256290e-16
4.080000000000000000e+02 6.329648930084777906e-16
4.090000000000000000e+02 5.137810273739409650e-16
4.100000000000000000e+02 5.995223051717710173e-16
4.110000000000000000e+02 6.092016410718840026e-16
4.120000000000000000e+02 6.247873789996241081e-16
4.130000000000000000e+02 6.134202353555675884e-16
4.140000000000000000e+02 6.029147208011026533e-16
4.150000000000000000e+02 7.181881818043006812e-16
4.160000000000000000e+02 6.123289714507335660e-16
4.170000000000000000e+02 6.013291205677413316e-16
4.180000000000000000e+02 6.407553266866633403e-16
4.190000000000000000e+02 5.717395966519619752e-16
4.200000000000000000e+02 6.461654995838226517e-16
4.210000000000000000e+02 6.003387281506249051e-16
4.220000000000000000e+02 5.646824759833004114e-16
4.230000000000000000e+02 6.076615550952839583e-16
4.240000000000000000e+02 5.978651105952146661e-16
4.250000000000000000e+02 5.809061127065004312e-16
4.260000000000000000e+02 6.267283562721783608e-16
4.270000000000000000e+02 6.174196133648954145e-16
4.280000000000000000e+02 6.496502957605557492e-16
4.290000000000000000e+02 6.220006827137050079e-16
4.300000000000000000e+02 6.957931701511556427e-16
4.310000000000000000e+02 5.956782925492431233e-16
4.320000000000000000e+02 5.392353901872295328e-16
4.330000000000000000e+02 5.478869780662398873e-16
4.340000000000000000e+02 6.010127139735361447e-16
4.350000000000000000e+02 6.104228850515854292e-16
4.360000000000000000e+02 5.191265499257191281e-16
4.370000000000000000e+02 5.523843089678718724e-16
4.380000000000000000e+02 5.489550363038508565e-16
4.390000000000000000e+02 5.338973459432527609e-16
4.400000000000000000e+02 6.766443669886289930e-16
4.410000000000000000e+02 5.863973317645778245e-16
4.420000000000000000e+02 5.968229703534743333e-16
4.430000000000000000e+02 5.722794046250624099e-16
4.440000000000000000e+02 6.762493572899603715e-16
4.450000000000000000e+02 5.988770683009746693e-16
4.460000000000000000e+02 6.088447054393456188e-16
4.470000000000000000e+02 6.559984236472355808e-16
4.480000000000000000e+02 6.348364609769129439e-16
4.490000000000000000e+02 5.739576340368582184e-16
4.500000000000000000e+02 6.064991031041067804e-16
4.510000000000000000e+02 5.649977280029425353e-16
4.520000000000000000e+02 5.807354067994474232e-16
4.530000000000000000e+02 5.857034449731367250e-16
4.540000000000000000e+02 6.756045062447306560e-16
4.550000000000000000e+02 6.492696453304302285e-16
4.560000000000000000e+02 6.435721525437883182e-16
4.570000000000000000e+02 5.614700097334835685e-16
4.580000000000000000e+02 6.535176410586294914e-16
4.590000000000000000e+02 5.838383643540101228e-16
4.600000000000000000e+02 6.523953805758790654e-16
4.610000000000000000e+02 5.890652299367192507e-16
4.620000000000000000e+02 6.009875854490195982e-16
4.630000000000000000e+02 5.439901164526490669e-16
4.640000000000000000e+02 6.285780150099911331e-16
4.650000000000000000e+02 5.867216201790709331e-16
4.660000000000000000e+02 6.423833928493184342e-16
4.670000000000000000e+02 5.612136191197279058e-16
4.680000000000000000e+02 5.222652835325727428e-16
4.690000000000000000e+02 5.819162498769883654e-16
4.700000000000000000e+02 5.829511773320941328e-16
4.710000000000000000e+02 6.517146485396264206e-16
4.720000000000000000e+02 5.777957891291629475e-16
4.730000000000000000e+02 6.219177421232241250e-16
4.740000000000000000e+02 6.181243049241583090e-16
4.750000000000000000e+02 5.229268865964449981e-16
4.760000000000000000e+02 5.570027902261758576e-16
4.770000000000000000e+02 6.239453301452720535e-16
4.780000000000000000e+02 5.852142403206850959e-16
4.790000000000000000e+02 5.466730936387729805e-16
4.800000000000000000e+02 5.556820979886321849e-16
4.810000000000000000e+02 5.918125714020172207e-16
4.820000000000000000e+02 5.853264311143332192e-16
4.830000000000000000e+02 6.099814951504824464e-16
4.840000000000000000e+02 5.365683789912867710e-16
4.850000000000000000e+02 5.255142908068130626e-16
4.860000000000000000e+02 5.936393270032495955e-16
4.870000000000000000e+02 6.221875059627711239e-16
4.880000000000000000e+02 5.941324390239597639e-16
4.890000000000000000e+02 5.900664766480647200e-16
4.900000000000000000e+02 5.615709400957467108e-16
4.910000000000000000e+02 4.279452674935223142e-16
4.920000000000000000e+02 5.763632588906050558e-16
4.930000000000000000e+02 5.716135393898988089e-16
4.940000000000000000e+02 6.437682064415967953e-16
4.950000000000000000e+02 5.663144496773590586e-16
4.960000000000000000e+02 5.557845224720875422e-16
4.970000000000000000e+02 6.001293071926055353e-16
4.980000000000000000e+02 6.183951926778404359e-16
4.990000000000000000e+02 6.245379916670314698e-16
5.000000000000000000e+02 6.348323237125016733e-16
5.010000000000000000e+02 6.209668630955664988e-16
5.020000000000000000e+02 5.533107925834832437e-16
5.030000000000000000e+02 6.553550624902429394e-16
5.040000000000000000e+02 5.610146108616603196e-16
5.050000000000000000e+02 5.608600949162976069e-16
5.060000000000000000e+02 5.692703175673123384e-16
5.070000000000000000e+02 5.153613376569556235e-16
5.080000000000000000e+02 5.338087886187926229e-16
5.090000000000000000e+02 5.374534063920244117e-16
5.100000000000000000e+02 5.702165058772394208e-16
5.110000000000000000e+02 6.084857394448768366e-16
5.120000000000000000e+02 6.130633460035520982e-16
5.130000000000000000e+02 5.350872171221744696e-16
5.140000000000000000e+02 6.002983264650807740e-16
5.150000000000000000e+02 5.860900893747424445e-16
5.160000000000000000e+02 5.762844319298691800e-16
5.170000000000000000e+02 6.044752517897955084e-16
5.180000000000000000e+02 5.411719151816606900e-16
5.190000000000000000e+02 6.448749344152262498e-16
5.200000000000000000e+02 5.283930942180413596e-16
5.210000000000000000e+02 6.098560749043578436e-16
5.220000000000000000e+02 5.975533255371000985e-16
5.230000000000000000e+02 5.644213643692826910e-16
5.240000000000000000e+02 6.172032217472562653e-16
5.250000000000000000e+02 5.691630374930787400e-16
5.260000000000000000e+02 5.944402192004477729e-16
5.270000000000000000e+02 5.553552768072871165e-16
5.280000000000000000e+02 5.924992344630114397e-16
5.290000000000000000e+02 5.593032691917468620e-16
5.300000000000000000e+02 5.932202469093079143e-16
5.310000000000000000e+02 6.249415866793338643e-16
5.320000000000000000e+02 5.648603581679518067e-16
5.330000000000000000e+02 6.070390994506405824e-16
5.340000000000000000e+02 6.167495170567570053e-16
5.350000000000000000e+02 5.636025720702922377e-16
5.360000000000000000e+02 5.378210194312198926e-16
5.370000000000000000e+02 5.000498708913380132e-16
5.380000000000000000e+02 6.345535133894933126e-16
5.390000000000000000e+02 5.851086912215346394e-16
5.400000000000000000e+02 6.049085835170461806e-16
5.410000000000000000e+02 6.222789840342127909e-16
5.420000000000000000e+02 5.088414004174864365e-16
5.430000000000000000e+02 5.973965132885280465e-16
5.440000000000000000e+02 6.380789605325770530e-16
5.450000000000000000e+02 6.269976212255151050e-16
5.460000000000000000e+02 6.376713882240115224e-16
5.470000000000000000e+02 4.883070719963779603e-16
5.480000000000000000e+02 6.374025760966627883e-16
5.490000000000000000e+02 5.664830536665837075e-16
5.500000000000000000e+02 6.093268592683226913e-16
5.510000000000000000e+02 5.552263127442000035e-16
5.520000000000000000e+02 6.024680345232238726e-16
5.530000000000000000e+02 6.067538080535693878e-16
5.540000000000000000e+02 6.344900656407305468e-16
5.550000000000000000e+02 5.008037651478479018e-16
5.560000000000000000e+02 5.870900489368609651e-16
5.570000000000000000e+02 6.265204200323469413e-16
5.580000000000000000e+02 5.249204524299763431e-16
5.590000000000000000e+02 5.897864742521770281e-16
5.600000000000000000e+02 6.512321798636042095e-16
5.610000000000000000e+02 6.365578094417714882e-16
5.620000000000000000e+02 5.923505065402462425e-16
5.630000000000000000e+02 5.664303838957578748e-16
5.640000000000000000e+02 6.009400568883971739e-16
5.650000000000000000e+02 5.325169643403321049e-16
5.660000000000000000e+02 5.962638800677023515e-16
5.670000000000000000e+02 5.692987924172801656e-16
5.680000000000000000e+02 6.370506831805544871e-16
5.690000000000000000e+02 6.971067390892058475e-16
5.700000000000000000e+02 5.768529265876864665e-16
5.710000000000000000e+02 5.734791624326116116e-16
5.720000000000000000e+02 6.036371615947283714e-16
5.730000000000000000e+02 5.941183478945724280e-16
5.740000000000000000e+02 6.223233002251809573e-16
5.750000000000000000e+02 6.438108522114637184e-16
5.760000000000000000e+02 6.057123263871131077e-16
5.770000000000000000e+02 5.278216997049888545e-16
5.780000000000000000e+02 5.775096952670891197e-16
5.790000000000000000e+02 5.299869029937205539e-16
5.800000000000000000e+02 5.890139524089511125e-16
5.810000000000000000e+02 5.765526985787524754e-16
5.820000000000000000e+02 6.075173497351351617e-16
5.830000000000000000e+02 6.111488732040627823e-16
5.840000000000000000e+02 6.101203424244696050e-16
5.850000000000000000e+02 5.755564641863663715e-16
5.860000000000000000e+02 6.001519415786175083e-16
5.870000000000000000e+02 6.362854309976169355e-16
5.880000000000000000e+02 5.682774929870339413e-16
5.890000000000000000e+02 6.508755949274719726e-16
5.900000000000000000e+02 6.217219267766189096e-16
5.910000000000000000e+02 6.192993945386655004e-16
5.920000000000000000e+02 6.073535828004229283e-16
5.930000000000000000e+02 5.822124433155880079e-16
5.940000000000000000e+02 5.855778707397023778e-16
5.950000000000000000e+02 6.584464255860552516e-16
5.960000000000000000e+02 6.263408516803921383e-16
5.970000000000000000e+02 6.070193585483751083e-16
5.980000000000000000e+02 5.980541896724979464e-16
5.990000000000000000e+02 6.375261819556690393e-16
6.000000000000000000e+02 6.376074783691097348e-16
6.010000000000000000e+02 4.917170539794356277e-16
6.020000000000000000e+02 5.858713724457789688e-16
6.030000000000000000e+02 5.606074515946754349e-16
6.040000000000000000e+02 6.530309114064957220e-16
6.050000000000000000e+02 5.564879868903865977e-16
6.060000000000000000e+02 5.291638432168029998e-16
6.070000000000000000e+02 5.486669185837245512e-16
6.080000000000000000e+02 5.092245111176384049e-16
6.090000000000000000e+02 6.417545197203044357e-16
6.100000000000000000e+02 6.715016283261226203e-16
6.110000000000000000e+02 6.386850443513164586e-16
6.120000000000000000e+02 5.740413559482729389e-16
6.130000000000000000e+02 5.852144506985491358e-16
6.140000000000000000e+02 6.315938189723664555e-16
6.150000000000000000e+02 5.570399225765841840e-16
6.160000000000000000e+02 6.532023886645210122e-16
6.170000000000000000e+02 6.384122878422476356e-16
6.180000000000000000e+02 5.819613831051575267e-16
6.190000000000000000e+02 5.463821201960572067e-16
6.200000000000000000e+02 5.401339027827445612e-16
6.210000000000000000e+02 5.567256929453410335e-16
6.220000000000000000e+02 5.460473278433388468e-16
6.230000000000000000e+02 5.277271459053437314e-16
6.240000000000000000e+02 5.594059843527198914e-16
6.250000000000000000e+02 6.205019553391511905e-16
6.260000000000000000e+02 6.130952757499120871e-16
6.270000000000000000e+02 5.935599596300292964e-16
6.280000000000000000e+02 6.406835895795090680e-16
6.290000000000000000e+02 6.448474421036130573e-16
6.300000000000000000e+02 6.440402876923413049e-16
6.310000000000000000e+02 6.037113974499463291e-16
6.320000000000000000e+02 5.364292371686955390e-16
6.330000000000000000e+02 5.629711308444322598e-16
6.340000000000000000e+02 6.460895357819489037e-16
6.350000000000000000e+02 5.832913126121624309e-16
6.360000000000000000e+02 5.394021873847581199e-16
6.370000000000000000e+02 5.411352865809260789e-16
6.380000000000000000e+02 5.600124997042841950e-16
6.390000000000000000e+02 5.814806047881512300e-16
6.400000000000000000e+02 6.996127483524726184e-16
6.410000000000000000e+02 5.712007873134424314e-16
6.420000000000000000e+02 5.644870171006293776e-16
6.430000000000000000e+02 5.483326979775591212e-16
6.440000000000000000e+02 5.602407259539413656e-16
6.450000000000000000e+02 5.460313193878203495e-16
6.460000000000000000e+02 5.442061342503992501e-16
6.470000000000000000e+02 5.461188716365436121e-16
6.480000000000000000e+02 5.697380617941545944e-16
6.490000000000000000e+02 5.552181082861624319e-16
6.500000000000000000e+02 6.519531996246774241e-16
6.510000000000000000e+02 6.047109250385387642e-16
6.520000000000000000e+02 6.360366806500489796e-16
6.530000000000000000e+02 5.555975300237274043e-16
6.540000000000000000e+02 5.692224477742550482e-16
6.550000000000000000e+02 5.921164979289497091e-16
6.560000000000000000e+02 6.427502440004708289e-16
6.570000000000000000e+02 5.309047786245936342e-16
6.580000000000000000e+02 6.395347015001750110e-16
6.590000000000000000e+02 6.086349747253131928e-16
6.600000000000000000e+02 6.186416830258196966e-16
6.610000000000000000e+02 5.878318686348378326e-16
6.620000000000000000e+02 6.251359339792392122e-16
6.630000000000000000e+02 5.866085768719710112e-16
6.640000000000000000e+02 6.634759811250203912e-16
6.650000000000000000e+02 5.773350707203105985e-16
6.660000000000000000e+02 5.965338250498851514e-16
6.670000000000000000e+02 5.497772804945481707e-16
6.680000000000000000e+02 6.064706831708914380e-16
6.690000000000000000e+02 6.133992948384438473e-16
6.700000000000000000e+02 6.895771558145452055e-16
6.710000000000000000e+02 5.449271817404401264e-16
6.720000000000000000e+02 5.850349007429587339e-16
6.730000000000000000e+02 6.232314169365476313e-16
6.740000000000000000e+02 6.686196237997744358e-16
6.750000000000000000e+02 6.135815135952117116e-16
6.760000000000000000e+02 5.558979279966556823e-16
6.770000000000000000e+02 6.155290244779100046e-16
6.780000000000000000e+02 5.009567344060933031e-16
6.790000000000000000e+02 5.704893523869324138e-16
6.800000000000000000e+02 5.971090203011339762e-16
6.810000000000000000e+02 6.087131181430824822e-16
6.820000000000000000e+02 6.187783217610613437e-16
6.830000000000000000e+02 5.536396360345187248e-16
6.840000000000000000e+02 5.562460477029185309e-16
6.850000000000000000e+02 5.425194590095357179e-16
6.860000000000000000e+02 5.975288757002514867e-16
6.870000000000000000e+02 6.213106259573742344e-16
6.880000000000000000e+02 5.915512944734271432e-16
6.890000000000000000e+02 7.045074529074355628e-16
6.900000000000000000e+02 6.017273445654299405e-16
6.910000000000000000e+02 6.520226268354526406e-16
6.920000000000000000e+02 5.946486071304792735e-16
6.930000000000000000e+02 5.919285727254044775e-16
6.940000000000000000e+02 5.441871305383588127e-16
6.950000000000000000e+02 6.708681186338799081e-16
6.960000000000000000e+02 6.223897685951496458e-16
6.970000000000000000e+02 6.453014242377439155e-16
6.980000000000000000e+02 5.859279679400856873e-16
6.990000000000000000e+02 6.163520101222946209e-16
7.000000000000000000e+02 6.436478396129813008e-16
7.010000000000000000e+02 5.919456971156885327e-16
7.020000000000000000e+02 5.791292613027343065e-16
7.030000000000000000e+02 5.700860085947342166e-16
7.040000000000000000e+02 5.010252973205694820e-16
7.050000000000000000e+02 5.705016533081011235e-16
7.060000000000000000e+02 5.764373051126204917e-16
7.070000000000000000e+02 5.859130491139031453e-16
7.080000000000000000e+02 5.802257461734101260e-16
7.090000000000000000e+02 5.379662855304949776e-16
7.100000000000000000e+02 6.038395212018266843e-16
7.110000000000000000e+02 5.904686128111274920e-16
7.120000000000000000e+02 6.617060154115931923e-16
7.130000000000000000e+02 6.624994520788088386e-16
7.140000000000000000e+02 6.767426134158794926e-16
7.150000000000000000e+02 6.480118618146213875e-16
7.160000000000000000e+02 5.822208312707445475e-16
7.170000000000000000e+02 5.972244738841936735e-16
7.180000000000000000e+02 6.140393636093964209e-16
7.190000000000000000e+02 5.639449897568114767e-16
7.200000000000000000e+02 6.329766281593201810e-16
7.210000000000000000e+02 5.455781530503589867e-16
7.220000000000000000e+02 5.869860256819110137e-16
7.230000000000000000e+02 5.998082993554174043e-16
7.240000000000000000e+02 5.689431510848207662e-16
7.250000000000000000e+02 5.478864537406916997e-16
7.260000000000000000e+02 5.112083336957214219e-16
7.270000000000000000e+02 6.578820658402236151e-16
7.280000000000000000e+02 5.915231970382135580e-16
7.290000000000000000e+02 6.262485907874160348e-16
7.300000000000000000e+02 5.858399904096352257e-16
7.310000000000000000e+02 6.323523532146335125e-16
7.320000000000000000e+02 6.717125025286091906e-16
7.330000000000000000e+02 5.989447682691174477e-16
7.340000000000000000e+02 6.227051328468647080e-16
7.350000000000000000e+02 5.894552389491839144e-16
7.360000000000000000e+02 6.275094491337094535e-16
7.370000000000000000e+02 5.764803757026287282e-16
7.380000000000000000e+02 5.427352303931204412e-16
7.390000000000000000e+02 5.092412736889049269e-16
7.400000000000000000e+02 5.762474001863098363e-16
7.410000000000000000e+02 5.982495886363448488e-16
7.420000000000000000e+02 5.537242065643312761e-16
7.430000000000000000e+02 6.277689655192396191e-16
7.440000000000000000e+02 6.620463532423329481e-16
7.450000000000000000e+02 5.774056518349549976e-16
7.460000000000000000e+02 5.912165360289803072e-16
7.470000000000000000e+02 5.843091960131178591e-16
7.480000000000000000e+02 5.321184633876590652e-16
7.490000000000000000e+02 5.576443014001445271e-16
7.500000000000000000e+02 6.524923094683501082e-16
7.510000000000000000e+02 6.359798982629272518e-16
7.520000000000000000e+02 5.676225499539238929e-16
7.530000000000000000e+02 5.495503095830466508e-16
7.540000000000000000e+02 5.857446431524964179e-16
7.550000000000000000e+02 6.413330300238660569e-16
7.560000000000000000e+02 5.999914309837686661e-16
7.570000000000000000e+02 5.288334380468647362e-16
7.580000000000000000e+02 5.513712759785108481e-16
7.590000000000000000e+02 5.037940502821406470e-16
7.600000000000000000e+02 6.054013966712741875e-16
7.610000000000000000e+02 5.676490831779422614e-16
7.620000000000000000e+02 5.750935950154542648e-16
7.630000000000000000e+02 5.667739170494711067e-16
7.640000000000000000e+02 6.332822489816259278e-16
7.650000000000000000e+02 5.641578041227437608e-16
7.660000000000000000e+02 5.528622569221664495e-16
7.670000000000000000e+02 5.469844701295188806e-16
7.680000000000000000e+02 6.066206847829944814e-16
7.690000000000000000e+02 6.024678301701997007e-16
7.700000000000000000e+02 6.411597224724674727e-16
7.710000000000000000e+02 5.006666512231408835e-16
7.720000000000000000e+02 5.770285504945061315e-16
7.730000000000000000e+02 5.672420557932014627e-16
7.740000000000000000e+02 6.725929858849206993e-16
7.750000000000000000e+02 5.606517382727177854e-16
7.760000000000000000e+02 5.541079100155406847e-16
7.770000000000000000e+02 6.100215246173437125e-16
7.780000000000000000e+02 5.420215641433900381e-16
7.790000000000000000e+02 5.553019950001554119e-16
7.800000000000000000e+02 5.374631037344938483e-16
7.810000000000000000e+02 6.121104449838299485e-16
7.820000000000000000e+02 6.147094767716340560e-16
7.830000000000000000e+02 6.091770524428605453e-16
7.840000000000000000e+02 5.953292417098564963e-16
7.850000000000000000e+02 6.182465211267812807e-16
7.860000000000000000e+02 6.234284038486599214e-16
7.870000000000000000e+02 5.036245864199649628e-16
7.880000000000000000e+02 5.577867592433825313e-16
7.890000000000000000e+02 5.380211315916552709e-16
7.900000000000000000e+02 5.875953620729061401e-16
7.910000000000000000e+02 5.823956820476614826e-16
7.920000000000000000e+02 6.335867508029741201e-16
7.930000000000000000e+02 4.667492234267550570e-16
7.940000000000000000e+02 4.785737127286343003e-16
7.950000000000000000e+02 5.373532157297577283e-16
7.960000000000000000e+02 5.483676484174148656e-16
7.970000000000000000e+02 5.380751330986499233e-16
7.980000000000000000e+02 5.879332293807777955e-16
7.990000000000000000e+02 5.842406430354461298e-16
8.000000000000000000e+02 5.542631236458574303e-16
8.010000000000000000e+02 5.234728146079581099e-16
8.020000000000000000e+02 5.660380682209814719e-16
8.030000000000000000e+02 5.647245536668401594e-16
8.040000000000000000e+02 5.607479856832185839e-16
8.050000000000000000e+02 5.988770683009746693e-16
8.060000000000000000e+02 5.211907987471874631e-16
8.070000000000000000e+02 5.471369041650052442e-16
8.080000000000000000e+02 5.742304181593880130e-16
8.090000000000000000e+02 5.694594503893553046e-16
8.100000000000000000e+02 5.910045770401161835e-16
8.110000000000000000e+02 5.680249698232427974e-16
8.120000000000000000e+02 5.791065847662808078e-16
8.130000000000000000e+02 6.014983485160270243e-16
8.140000000000000000e+02 5.745467169161642780e-16
8.150000000000000000e+02 5.960743707881172486e-16
8.160000000000000000e+02 6.903474767162628713e-16
8.170000000000000000e+02 5.862965454464006212e-16
8.180000000000000000e+02 6.045154422051591365e-16
8.190000000000000000e+02 5.644812009985983467e-16
8.200000000000000000e+02 5.581739194688520050e-16
8.210000000000000000e+02 6.023086181000964221e-16
8.220000000000000000e+02 6.362859469760885524e-16
8.230000000000000000e+02 6.712724696887856054e-16
8.240000000000000000e+02 5.572337957609171757e-16
8.250000000000000000e+02 6.081476161525128324e-16
8.260000000000000000e+02 5.785649894670650641e-16
8.270000000000000000e+02 6.891509119396748598e-16
8.280000000000000000e+02 5.330348242541176418e-16
8.290000000000000000e+02 5.441135225966619243e-16
8.300000000000000000e+02 6.163163870587106020e-16
8.310000000000000000e+02 5.878296345923593767e-16
8.320000000000000000e+02 6.110586167902208878e-16
8.330000000000000000e+02 6.210027480670864980e-16
8.340000000000000000e+02 6.243792148736466148e-16
8.350000000000000000e+02 6.134009674299782324e-16
8.360000000000000000e+02 5.696854048122708584e-16
8.370000000000000000e+02 6.007078230831633047e-16
8.380000000000000000e+02 5.871366716583523873e-16
8.390000000000000000e+02 5.663556090419063410e-16
8.400000000000000000e+02 6.095577617674683954e-16
8.410000000000000000e+02 6.011333572307055222e-16
8.420000000000000000e+02 6.349842858422291533e-16
8.430000000000000000e+02 6.215566203909285055e-16
8.440000000000000000e+02 5.570021271259934424e-16
8.450000000000000000e+02 5.850921382736702223e-16
8.460000000000000000e+02 5.466518484337967227e-16
8.470000000000000000e+02 4.708263264576391076e-16
8.480000000000000000e+02 5.150325161805792046e-16
8.490000000000000000e+02 6.059756920723122803e-16
8.500000000000000000e+02 5.831507924563340590e-16
8.510000000000000000e+02 6.069136121006109409e-16
8.520000000000000000e+02 5.849639072018401897e-16
8.530000000000000000e+02 6.391914301137563832e-16
8.540000000000000000e+02 6.204723248392072490e-16
8.550000000000000000e+02 5.752763191061401541e-16
8.560000000000000000e+02 5.192979884247518054e-16
8.570000000000000000e+02 5.392843237267627898e-16
8.580000000000000000e+02 5.824564904688343766e-16
8.590000000000000000e+02 6.217308378131093402e-16
8.600000000000000000e+02 6.333703751985190228e-16
8.610000000000000000e+02 5.986432115608607120e-16
8.620000000000000000e+02 5.769750651968729208e-16
8.630000000000000000e+02 6.583626533317599784e-16
8.640000000000000000e+02 5.387816111854373124e-16
8.650000000000000000e+02 5.710906361763742911e-16
8.660000000000000000e+02 5.169289573512083996e-16
8.670000000000000000e+02 5.913666594877869866e-16
8.680000000000000000e+02 6.061929774034279947e-16
8.690000000000000000e+02 5.952291404219452975e-16
8.700000000000000000e+02 6.696622414536574687e-16
8.710000000000000000e+02 5.431992301619372403e-16
8.720000000000000000e+02 5.586597696814325573e-16
8.730000000000000000e+02 6.444458698473972282e-16
8.740000000000000000e+02 6.159503156956028760e-16
8.750000000000000000e+02 5.652113077143291981e-16
8.760000000000000000e+02 6.509290604453460797e-16
8.770000000000000000e+02 6.647296927443703849e-16
8.780000000000000000e+02 5.834573318607236942e-16
8.790000000000000000e+02 6.646100965494097391e-16
8.800000000000000000e+02 5.218213632460254802e-16
8.810000000000000000e+02 5.835760488597362023e-16
8.820000000000000000e+02 6.305836021492153728e-16
8.830000000000000000e+02 5.640553722216477513e-16
8.840000000000000000e+02 5.386255935028626407e-16
8.850000000000000000e+02 6.365015248728811890e-16
8.860000000000000000e+02 6.187008526291036147e-16
8.870000000000000000e+02 5.909004789436231579e-16
8.880000000000000000e+02 6.144063731612278661e-16
8.890000000000000000e+02 5.779552212448941970e-16
8.900000000000000000e+02 5.315926084862070330e-16
8.910000000000000000e+02 6.371119435202125668e-16
8.920000000000000000e+02 6.114018424672151367e-16
8.930000000000000000e+02 5.814269643717123409e-16
8.940000000000000000e+02 6.191873279896505959e-16
8.950000000000000000e+02 6.479649324441250620e-16
8.960000000000000000e+02 5.875623259753106471e-16
8.970000000000000000e+02 5.307940740886528087e-16
8.980000000000000000e+02 5.374173643414841058e-16
8.990000000000000000e+02 5.685333688053575011e-16
9.000000000000000000e+02 6.689109229839009743e-16
9.010000000000000000e+02 6.640171076043835722e-16
9.020000000000000000e+02 5.909098547737739189e-16
9.030000000000000000e+02 6.417141035119168280e-16
9.040000000000000000e+02 6.359024595638305123e-16
9.050000000000000000e+02 6.081363466372375445e-16
9.060000000000000000e+02 5.870609690228820161e-16
9.070000000000000000e+02 5.884133385650938838e-16
9.080000000000000000e+02 5.809540793851880977e-16
9.090000000000000000e+02 5.675611645265160054e-16
9.100000000000000000e+02 6.277827589275486413e-16
9.110000000000000000e+02 6.362149315047290412e-16
9.120000000000000000e+02 5.127736035326731493e-16
9.130000000000000000e+02 6.397448867176650706e-16
9.140000000000000000e+02 6.097534452694989149e-16
9.150000000000000000e+02 6.285231705460544751e-16
9.160000000000000000e+02 5.469000580132314867e-16
9.170000000000000000e+02 5.195337523502298249e-16
9.180000000000000000e+02 5.608706314466301530e-16
9.190000000000000000e+02 5.810639851464954061e-16
9.200000000000000000e+02 5.996517346071253534e-16
9.210000000000000000e+02 5.063265273907398259e-16
9.220000000000000000e+02 5.609677923423856160e-16
9.230000000000000000e+02 5.736969526146061958e-16
9.240000000000000000e+02 5.860057778199648445e-16
9.250000000000000000e+02 5.874505621910593974e-16
9.260000000000000000e+02 6.668929103504836468e-16
9.270000000000000000e+02 5.963035227740018653e-16
9.280000000000000000e+02 6.199826875924357408e-16
9.290000000000000000e+02 6.018944832585258369e-16
9.300000000000000000e+02 5.932775939912560368e-16
9.310000000000000000e+02 5.275561129001412606e-16
9.320000000000000000e+02 6.405726374494057080e-16
9.330000000000000000e+02 5.793435107458614008e-16
9.340000000000000000e+02 5.790108374742589386e-16
9.350000000000000000e+02 5.518575378231797543e-16
9.360000000000000000e+02 6.549917624226162928e-16
9.370000000000000000e+02 5.707310061223285060e-16
9.380000000000000000e+02 6.301064464199134863e-16
9.390000000000000000e+02 5.611190606006370230e-16
9.400000000000000000e+02 5.799049020145335405e-16
9.410000000000000000e+02 5.531731170985523381e-16
9.420000000000000000e+02 6.004262899844406591e-16
9.430000000000000000e+02 5.248958248919994911e-16
9.440000000000000000e+02 6.189189750759314063e-16
9.450000000000000000e+02 5.499128956817351397e-16
9.460000000000000000e+02 5.553850562283052807e-16
9.470000000000000000e+02 6.831218723431002036e-16
9.480000000000000000e+02 5.652820958262675106e-16
9.490000000000000000e+02 5.901849072333243497e-16
9.500000000000000000e+02 5.596379778379962580e-16
9.510000000000000000e+02 6.315476190374291740e-16
9.520000000000000000e+02 6.238481759586817568e-16
9.530000000000000000e+02 6.072297824464643966e-16
9.540000000000000000e+02 5.386614785238728149e-16
9.550000000000000000e+02 6.070693856143496224e-16
9.560000000000000000e+02 6.148419166360112340e-16
9.570000000000000000e+02 5.849560496795963185e-16
9.580000000000000000e+02 6.067805238898925257e-16
9.590000000000000000e+02 6.235449734001779188e-16
9.600000000000000000e+02 5.990928181523509157e-16
9.610000000000000000e+02 5.696433333564020070e-16
9.620000000000000000e+02 5.881431552925957592e-16
9.630000000000000000e+02 5.868749213509145485e-16
9.640000000000000000e+02 6.506235921518629163e-16
9.650000000000000000e+02 5.937212412560504499e-16
9.660000000000000000e+02 6.387424214990213584e-16
9.670000000000000000e+02 5.808925485090563333e-16
9.680000000000000000e+02 7.845275905202224987e-16
9.690000000000000000e+02 5.903539929856784760e-16
9.700000000000000000e+02 5.448676079131332143e-16
9.710000000000000000e+02 5.737768502892441363e-16
9.720000000000000000e+02 6.245908206887682701e-16
9.730000000000000000e+02 6.136508682630577224e-16
9.740000000000000000e+02 5.763928785208915795e-16
9.750000000000000000e+02 5.665845396495625448e-16
9.760000000000000000e+02 5.684981421778405534e-16
9.770000000000000000e+02 6.036534779500396466e-16
9.780000000000000000e+02 5.612302182366169260e-16
9.790000000000000000e+02 5.687596189833746046e-16
9.800000000000000000e+02 5.738969977348875405e-16
9.810000000000000000e+02 6.428274323445779380e-16
9.820000000000000000e+02 5.386365649732055893e-16
9.830000000000000000e+02 5.631107106434957941e-16
9.840000000000000000e+02 5.932067567420495458e-16
9.850000000000000000e+02 6.039525330108522410e-16
9.860000000000000000e+02 6.550253448101110886e-16
9.870000000000000000e+02 5.947875148550593330e-16
9.880000000000000000e+02 5.449290644985931382e-16
9.890000000000000000e+02 5.761877883235059061e-16
9.900000000000000000e+02 6.372428830437632524e-16
9.910000000000000000e+02 6.034762179099683375e-16
9.920000000000000000e+02 5.866475428976883752e-16
9.930000000000000000e+02 6.396884976463296764e-16
9.940000000000000000e+02 6.531078900942217060e-16
9.950000000000000000e+02 6.638291359444111008e-16
9.960000000000000000e+02 5.899690995830215996e-16
9.970000000000000000e+02 5.966992547726049759e-16
9.980000000000000000e+02 6.459790674606506983e-16
9.990000000000000000e+02 6.232124523443753705e-16
1.000000000000000000e+03 5.397671806796048607e-16
1.001000000000000000e+03 5.860781156321044753e-16
1.002000000000000000e+03 5.621557744403717389e-16
1.003000000000000000e+03 5.001509699794418655e-16
1.004000000000000000e+03 5.967407253875565920e-16
1.005000000000000000e+03 6.290019188026290671e-16
1.006000000000000000e+03 5.811168116235016241e-16
1.007000000000000000e+03 5.972587620483159872e-16
1.008000000000000000e+03 5.742663651011243999e-16
1.009000000000000000e+03 6.438215610193389373e-16
1.010000000000000000e+03 6.318754939841128614e-16
1.011000000000000000e+03 5.770803240921856172e-16
1.012000000000000000e+03 6.252956343503862788e-16
1.013000000000000000e+03 6.339603106526986756e-16
1.014000000000000000e+03 5.953160061416136743e-16
1.015000000000000000e+03 6.125799125426401038e-16
1.016000000000000000e+03 5.691695988845650869e-16
1.017000000000000000e+03 6.304357218464429651e-16
1.018000000000000000e+03 6.251004832347023035e-16
1.019000000000000000e+03 5.549779078494714744e-16
1.020000000000000000e+03 5.612287557790798955e-16
1.021000000000000000e+03 5.234025661542932418e-16
1.022000000000000000e+03 5.497068847414267596e-16
1.023000000000000000e+03 6.395778220478151957e-16
1.024000000000000000e+03 7.185922335657460539e-16
1.025000000000000000e+03 6.059727122368031345e-16
1.026000000000000000e+03 5.401028265679822619e-16
1.027000000000000000e+03 5.644079129778894869e-16
1.028000000000000000e+03 5.549276958545702058e-16
1.029000000000000000e+03 5.549063969056544801e-16
1.030000000000000000e+03 4.851527572353548183e-16
1.031000000000000000e+03 5.340695755464586381e-16
1.032000000000000000e+03 5.920433036140794129e-16
1.033000000000000000e+03 5.836469299598039756e-16
1.034000000000000000e+03 4.913965465110873101e-16
1.035000000000000000e+03 5.929919796285490027e-16
1.036000000000000000e+03 6.298075599531751080e-16
1.037000000000000000e+03 6.385013128471960077e-16
1.038000000000000000e+03 5.943916147564912465e-16
1.039000000000000000e+03 5.486666193950950647e-16
1.040000000000000000e+03 5.511425787500671984e-16
1.041000000000000000e+03 6.656735438691565330e-16
1.042000000000000000e+03 5.806811321584295331e-16
1.043000000000000000e+03 5.538575215979829571e-16
1.044000000000000000e+03 5.294702474820313833e-16
1.045000000000000000e+03 6.116938219953783875e-16
1.046000000000000000e+03 5.600312595265990690e-16
1.047000000000000000e+03 5.009597654619602022e-16
1.048000000000000000e+03 5.339194829793120841e-16
1.049000000000000000e+03 6.093352107231577964e-16
1.050000000000000000e+03 6.584577066006298121e-16
1.051000000000000000e+03 5.822710859837606226e-16
1.052000000000000000e+03 6.196913685257317433e-16
1.053000000000000000e+03 6.477774343758101750e-16
1.054000000000000000e+03 6.103678212193701028e-16
1.055000000000000000e+03 6.096153895781100640e-16
1.056000000000000000e+03 6.688984685055129370e-16
1.057000000000000000e+03 5.594658439189719906e-16
1.058000000000000000e+03 6.244875239504507087e-16
1.059000000000000000e+03 5.681046538686735248e-16
1.060000000000000000e+03 6.083560308003692162e-16
1.061000000000000000e+03 5.521995094412646801e-16
1.062000000000000000e+03 5.913266858128853601e-16
1.063000000000000000e+03 5.527803014282373295e-16
1.064000000000000000e+03 5.467767553933590560e-16
1.065000000000000000e+03 6.503644875470535432e-16
1.066000000000000000e+03 5.433657924273395606e-16
1.067000000000000000e+03 5.763738680196809847e-16
1.068000000000000000e+03 6.164223180151446529e-16
1.069000000000000000e+03 6.231615479987667445e-16
1.070000000000000000e+03 5.095783421541859523e-16
1.071000000000000000e+03 5.895392660220683492e-16
1.072000000000000000e+03 5.706109831749263534e-16
1.073000000000000000e+03 5.587835347689924718e-16
1.074000000000000000e+03 5.705883277193966874e-16
1.075000000000000000e+03 5.431155898464475771e-16
1.076000000000000000e+03 5.739518424026640815e-16
1.077000000000000000e+03 6.484656537287681613e-16
1.078000000000000000e+03 5.291809823490058823e-16
1.079000000000000000e+03 5.329810050503840050e-16
1.080000000000000000e+03 5.676837841605449046e-16
1.081000000000000000e+03 5.782104341177790857e-16
1.082000000000000000e+03 6.567706998905505715e-16
1.083000000000000000e+03 5.098044333017936995e-16
1.084000000000000000e+03 6.759919399351608709e-16
1.085000000000000000e+03 5.919829253562368379e-16
1.086000000000000000e+03 6.191029499004409253e-16
1.087000000000000000e+03 6.686416582350226786e-16
1.088000000000000000e+03 6.237169247146208581e-16
1.089000000000000000e+03 6.636298563009184314e-16
1.090000000000000000e+03 5.369292605174052544e-16
1.091000000000000000e+03 5.845911198643459945e-16
1.092000000000000000e+03 6.247703665371973619e-16
1.093000000000000000e+03 5.424944200403278105e-16
1.094000000000000000e+03 6.007094626952508158e-16
1.095000000000000000e+03 5.663822740757531394e-16
1.096000000000000000e+03 5.158809861660462996e-16
1.097000000000000000e+03 5.425270990691262757e-16
1.098000000000000000e+03 5.639698040455811595e-16
1.099000000000000000e+03 4.950681556355966827e-16
1.100000000000000000e+03 7.222325623958091603e-16
1.101000000000000000e+03 6.237258072490052127e-16
1.102000000000000000e+03 5.867689715767266184e-16
1.103000000000000000e+03 5.984709819577121259e-16
1.104000000000000000e+03 6.473150450608469516e-16
1.105000000000000000e+03 5.817718000175265726e-16
1.106000000000000000e+03 5.870248268336888730e-16
1.107000000000000000e+03 5.813452943929033256e-16
1.108000000000000000e+03 6.493729813785408362e-16
1.109000000000000000e+03 6.035773991774050487e-16
1.110000000000000000e+03 5.893100603964687648e-16
1.111000000000000000e+03 6.191231672223008573e-16
1.112000000000000000e+03 5.491194790097004371e-16
1.113000000000000000e+03 6.257045124315688476e-16
1.114000000000000000e+03 5.681393992593299249e-16
1.115000000000000000e+03 5.910904667328394958e-16
1.116000000000000000e+03 5.641903194521384134e-16
1.117000000000000000e+03 6.040640290496966027e-16
1.118000000000000000e+03 6.128091875056542007e-16
1.119000000000000000e+03 5.891989763948259641e-16
1.120000000000000000e+03 5.983733265997611951e-16
1.121000000000000000e+03 5.165448872072734550e-16
1.122000000000000000e+03 5.957526935214447848e-16
1.123000000000000000e+03 6.347314695526462431e-16
1.124000000000000000e+03 5.452910357006828643e-16
1.125000000000000000e+03 6.651591848924000567e-16
1.126000000000000000e+03 5.450459333905994032e-16
1.127000000000000000e+03 6.526016752697953484e-16
1.128000000000000000e+03 6.649158668154037474e-16
1.129000000000000000e+03 5.776241640254798387e-16
1.130000000000000000e+03 5.739609945879305983e-16
1.131000000000000000e+03 6.400609968827645700e-16
1.132000000000000000e+03 5.819309890817185655e-16
1.133000000000000000e+03 5.874494444458369600e-16
1.134000000000000000e+03 5.450190527526165355e-16
1.135000000000000000e+03 5.175342652004354271e-16
1.136000000000000000e+03 6.400086753695032985e-16
1.137000000000000000e+03 5.824240788907856992e-16
1.138000000000000000e+03 6.096077824806347117e-16
1.139000000000000000e+03 5.659696224905135270e-16
1.140000000000000000e+03 5.724438142765333885e-16
1.141000000000000000e+03 6.478980474673069349e-16
1.142000000000000000e+03 5.605609651196315502e-16
1.143000000000000000e+03 5.904496384763822400e-16
1.144000000000000000e+03 6.202804198657964356e-16
1.145000000000000000e+03 5.708997434541719487e-16
1.146000000000000000e+03 7.372292518608259319e-16
1.147000000000000000e+03 5.960523389208911008e-16
1.148000000000000000e+03 6.012005983391463289e-16
1.149000000000000000e+03 5.506246814506068419e-16
1.150000000000000000e+03 6.068083882684679514e-16
1.151000000000000000e+03 5.057206262997904818e-16
1.152000000000000000e+03 5.800367985815676840e-16
1.153000000000000000e+03 6.039911954552917231e-16
1.154000000000000000e+03 5.124007551628903756e-16
1.155000000000000000e+03 5.522939603506904071e-16
1.156000000000000000e+03 5.909154802004582048e-16
1.157000000000000000e+03 5.300104422399536071e-16
1.158000000000000000e+03 6.295778916966657173e-16
1.159000000000000000e+03 6.103516171188643706e-16
1.160000000000000000e+03 6.436702825931781925e-16
1.161000000000000000e+03 5.676028842028707149e-16
1.162000000000000000e+03 5.467407274681588649e-16
1.163000000000000000e+03 5.406887946974883458e-16
1.164000000000000000e+03 5.161086896844695002e-16
1.165000000000000000e+03 5.309823044396538379e-16
1.166000000000000000e+03 6.873840112804442198e-16
1.167000000000000000e+03 5.554568749624268784e-16
1.168000000000000000e+03 5.095132659997296118e-16
1.169000000000000000e+03 6.332376628121925294e-16
1.170000000000000000e+03 5.319027830211465771e-16
1.171000000000000000e+03 5.726395672348902287e-16
1.172000000000000000e+03 4.971186296702197851e-16
1.173000000000000000e+03 5.081628319279507508e-16
1.174000000000000000e+03 5.366356803932685275e-16
1.175000000000000000e+03 5.350794708332501145e-16
1.176000000000000000e+03 5.972832916512541128e-16
1.177000000000000000e+03 6.408488931109904738e-16
1.178000000000000000e+03 5.949861938095063672e-16
1.179000000000000000e+03 4.769431021347581394e-16
1.180000000000000000e+03 5.459962193943355603e-16
1.181000000000000000e+03 5.426474347257371438e-16
1.182000000000000000e+03 5.972785507140980715e-16
1.183000000000000000e+03 6.137594658049960056e-16
1.184000000000000000e+03 6.229263330475661202e-16
1.185000000000000000e+03 5.586009992087809553e-16
1.186000000000000000e+03 5.655088485169437690e-16
1.187000000000000000e+03 5.691209274219496061e-16
1.188000000000000000e+03 6.002381632476958779e-16
1.189000000000000000e+03 5.810982381556073471e-16
1.190000000000000000e+03 5.211011058390934233e-16
1.191000000000000000e+03 6.400878612920627581e-16
1.192000000000000000e+03 5.988625405898691333e-16
1.193000000000000000e+03 6.363246441690395660e-16
1.194000000000000000e+03 6.012458538559683904e-16
1.195000000000000000e+03 6.203982423979961477e-16
1.196000000000000000e+03 5.748377836582124772e-16
1.197000000000000000e+03 6.387785927965537736e-16
1.198000000000000000e+03 5.474626345717751844e-16
1.199000000000000000e+03 6.675183272219200754e-16
1.200000000000000000e+03 5.712415946054305088e-16
1.201000000000000000e+03 5.406594202881075819e-16
1.202000000000000000e+03 5.589004437253747099e-16
1.203000000000000000e+03 5.953358593836325862e-16
1.204000000000000000e+03 5.478924460027692843e-16
1.205000000000000000e+03 5.740284874478379112e-16
1.206000000000000000e+03 5.898472164947611730e-16
1.207000000000000000e+03 6.045002353352144298e-16
1.208000000000000000e+03 5.464067556928249103e-16
1.209000000000000000e+03 6.282279075743695034e-16
1.210000000000000000e+03 6.107270249157249140e-16
1.211000000000000000e+03 5.679053143964474990e-16
1.212000000000000000e+03 6.453287064283153146e-16
1.213000000000000000e+03 6.353539236045954258e-16
1.214000000000000000e+03 5.368495357555765183e-16
1.215000000000000000e+03 6.053341476256196501e-16
1.216000000000000000e+03 6.067910746303605356e-16
1.217000000000000000e+03 5.845440132865708380e-16
1.218000000000000000e+03 5.979894085111726450e-16
1.219000000000000000e+03 6.323938219918230122e-16
1.220000000000000000e+03 6.517305798493339133e-16
1.221000000000000000e+03 5.844940242119578563e-16
1.222000000000000000e+03 5.494350710405812040e-16
1.223000000000000000e+03 5.569835600003742951e-16
1.224000000000000000e+03 5.917349009046362600e-16
1.225000000000000000e+03 5.734244872591357567e-16
1.226000000000000000e+03 5.786837882048799333e-16
1.227000000000000000e+03 6.400456086463835333e-16
1.228000000000000000e+03 5.622130783952619283e-16
1.229000000000000000e+03 6.543965170846965635e-16
1.230000000000000000e+03 5.108198820663640549e-16
1.231000000000000000e+03 5.742121222314951462e-16
1.232000000000000000e+03 6.332189979021487128e-16
1.233000000000000000e+03 5.564626177180512081e-16
1.234000000000000000e+03 5.817864723426741932e-16
1.235000000000000000e+03 5.010144032431247479e-16
1.236000000000000000e+03 6.569936731658815151e-16
1.237000000000000000e+03 6.097531760543001933e-16
1.238000000000000000e+03 5.542848175085226819e-16
1.239000000000000000e+03 5.621365744841200967e-16
1.240000000000000000e+03 7.183751832500614025e-16
1.241000000000000000e+03 5.753693355507868658e-16
1.242000000000000000e+03 5.273189549539379664e-16
1.243000000000000000e+03 5.939506792520705169e-16
1.244000000000000000e+03 6.052330566273679015e-16
1.245000000000000000e+03 5.975294938264306239e-16
1.246000000000000000e+03 5.208496629088948431e-16
1.247000000000000000e+03 5.399447584834217969e-16
1.248000000000000000e+03 6.245569817178933090e-16
1.249000000000000000e+03 5.721868182654619261e-16
1.250000000000000000e+03 5.618555814661669485e-16
1.251000000000000000e+03 5.998502391762600348e-16
1.252000000000000000e+03 5.305441309033966895e-16
1.253000000000000000e+03 6.241205246439374511e-16
1.254000000000000000e+03 5.214943329186060106e-16
1.255000000000000000e+03 6.052471602079659631e-16
1.256000000000000000e+03 6.082437022208680009e-16
1.257000000000000000e+03 5.881493653900687598e-16
1.258000000000000000e+03 5.727901174444104151e-16
1.259000000000000000e+03 5.469909974571996195e-16
1.260000000000000000e+03 5.840239037102788410e-16
1.261000000000000000e+03 6.034260969808188258e-16
1.262000000000000000e+03 5.603565252882914193e-16
1.263000000000000000e+03 6.289142245110789266e-16
1.264000000000000000e+03 5.569549713110667089e-16
1.265000000000000000e+03 5.685974641188724173e-16
1.266000000000000000e+03 5.499170748150245463e-16
1.267000000000000000e+03 5.597901919307693457e-16
1.268000000000000000e+03 5.476814789144401137e-16
1.269000000000000000e+03 5.216702640540290699e-16
1.270000000000000000e+03 5.932155426806903825e-16
1.271000000000000000e+03 6.300889913884159339e-16
1.272000000000000000e+03 5.277975185608040088e-16
1.273000000000000000e+03 6.161285162439461690e-16
1.274000000000000000e+03 5.413356897792128442e-16
1.275000000000000000e+03 5.910582508816178363e-16
1.276000000000000000e+03 5.643329428647765837e-16
1.277000000000000000e+03 5.959736371949202079e-16
1.278000000000000000e+03 5.545098505036813170e-16
1.279000000000000000e+03 6.157290754383312694e-16
1.280000000000000000e+03 6.681988661371431905e-16
1.281000000000000000e+03 6.044480945909295102e-16
1.282000000000000000e+03 6.182220267136600431e-16
1.283000000000000000e+03 6.160297295595987992e-16
1.284000000000000000e+03 5.953210384496273939e-16
1.285000000000000000e+03 6.949103103017468187e-16
1.286000000000000000e+03 5.261498915961487141e-16
1.287000000000000000e+03 5.998360087011415344e-16
1.288000000000000000e+03 5.615902324661314185e-16
1.289000000000000000e+03 5.667437947053324693e-16
1.290000000000000000e+03 5.779116924756378534e-16
1.291000000000000000e+03 6.511227731177795673e-16
1.292000000000000000e+03 4.984526325029908312e-16
1.293000000000000000e+03 5.128581112210804186e-16
1.294000000000000000e+03 5.439962270732604210e-16
1.295000000000000000e+03 6.132687517260928720e-16
1.296000000000000000e+03 5.335187220175461530e-16
1.297000000000000000e+03 6.092037967399867772e-16
1.298000000000000000e+03 7.616222441414675196e-16
1.299000000000000000e+03 5.578656252104761061e-16
1.300000000000000000e+03 5.955697055641429173e-16
1.301000000000000000e+03 5.916053349240810271e-16
1.302000000000000000e+03 5.481149372434876226e-16
1.303000000000000000e+03 5.289984724823398658e-16
1.304000000000000000e+03 6.428751197662196872e-16
1.305000000000000000e+03 5.864174869495818981e-16
1.306000000000000000e+03 5.789639856950141830e-16
1.307000000000000000e+03 6.816920870827661013e-16
1.308000000000000000e+03 6.638890379858088476e-16
1.309000000000000000e+03 5.518878777826419283e-16
1.310000000000000000e+03 6.364790870249365313e-16
1.311000000000000000e+03 5.246993886851588265e-16
1.312000000000000000e+03 6.023816551339258392e-16
1.313000000000000000e+03 6.108637544748386747e-16
1.314000000000000000e+03 5.862635061606173703e-16
1.315000000000000000e+03 5.989919070474365614e-16
1.316000000000000000e+03 6.244856839045579721e-16
1.317000000000000000e+03 5.859903707433508440e-16
1.318000000000000000e+03 6.143868021811184548e-16
1.319000000000000000e+03 6.355114437127677205e-16
1.320000000000000000e+03 5.866744048624904226e-16
1.321000000000000000e+03 6.734637260850834227e-16
1.322000000000000000e+03 6.520045626245161828e-16
1.323000000000000000e+03 6.118529394631367033e-16
1.324000000000000000e+03 5.259810765318197922e-16
1.325000000000000000e+03 5.008584199468177648e-16
1.326000000000000000e+03 6.238948144874810022e-16
1.327000000000000000e+03 5.783549929292672493e-16
1.328000000000000000e+03 5.787606574954299722e-16
1.329000000000000000e+03 6.291121065720520666e-16
1.330000000000000000e+03 5.145159190746676093e-16
1.331000000000000000e+03 5.424637816628992175e-16
1.332000000000000000e+03 5.222413951850645272e-16
1.333000000000000000e+03 5.784341053049293160e-16
1.334000000000000000e+03 5.336626984256428638e-16
1.335000000000000000e+03 5.931453207159081717e-16
1.336000000000000000e+03 6.673609210600133952e-16
1.337000000000000000e+03 5.838207209895896758e-16
1.338000000000000000e+03 6.250603689492228545e-16
1.339000000000000000e+03 5.494009354780581324e-16
1.340000000000000000e+03 5.920200819359491575e-16
1.341000000000000000e+03 5.699567054894619600e-16
1.342000000000000000e+03 5.969604784239917469e-16
1.343000000000000000e+03 5.748197926384364885e-16
1.344000000000000000e+03 5.692068748050919004e-16
1.345000000000000000e+03 5.437537864599288233e-16
1.346000000000000000e+03 5.979216690075672826e-16
1.347000000000000000e+03 6.198735251915321827e-16
1.348000000000000000e+03 5.493537995192707763e-16
1.349000000000000000e+03 6.039027913927505950e-16
1.350000000000000000e+03 6.321373079424432336e-16
1.351000000000000000e+03 5.832248213151631239e-16
1.352000000000000000e+03 5.277109705322598088e-16
1.353000000000000000e+03 5.985853501360922906e-16
1.354000000000000000e+03 5.338223191608090207e-16
1.355000000000000000e+03 6.492221115463085223e-16
1.356000000000000000e+03 6.371475632806902335e-16
1.357000000000000000e+03 5.012008804497907176e-16
1.358000000000000000e+03 5.589010311458151222e-16
1.359000000000000000e+03 5.301925263497892101e-16
1.360000000000000000e+03 6.247792997798603727e-16
1.361000000000000000e+03 5.948896220500604209e-16
1.362000000000000000e+03 5.745956430031757215e-16
1.363000000000000000e+03 6.550930055856800292e-16
1.364000000000000000e+03 5.991125462393290999e-16
1.365000000000000000e+03 5.591893066581552986e-16
1.366000000000000000e+03 6.182528934979464271e-16
1.367000000000000000e+03 6.349121552273472507e-16
1.368000000000000000e+03 5.538753043905270473e-16
1.369000000000000000e+03 5.786801004914763674e-16
1.370000000000000000e+03 5.708212404275200595e-16
1.371000000000000000e+03 5.770964668327120216e-16
1.372000000000000000e+03 6.057964017944356669e-16
1.373000000000000000e+03 5.289897836599154201e-16
1.374000000000000000e+03 5.934404737445216062e-16
1.375000000000000000e+03 6.392551174146070393e-16
1.376000000000000000e+03 6.011202494584822389e-16
1.377000000000000000e+03 5.455582192278555101e-16
1.378000000000000000e+03 5.590390578331651288e-16
1.379000000000000000e+03 5.406199482843947755e-16
1.380000000000000000e+03 5.415464766386156972e-16
1.381000000000000000e+03 6.065380768471004966e-16
1.382000000000000000e+03 4.955069735030529035e-16
1.383000000000000000e+03 5.914552026599878216e-16
1.384000000000000000e+03 5.230631081836736952e-16
1.385000000000000000e+03 6.733369046933129454e-16
1.386000000000000000e+03 6.123292395334641810e-16
1.387000000000000000e+03 7.430301665330902654e-16
1.388000000000000000e+03 5.280098238275859562e-16
1.389000000000000000e+03 6.602204057588226929e-16
1.390000000000000000e+03 6.033450922143763713e-16
1.391000000000000000e+03 6.295093138767408315e-16
1.392000000000000000e+03 5.336931499962808417e-16
1.393000000000000000e+03 5.869297419753369945e-16
1.394000000000000000e+03 5.225236636253138183e-16
1.395000000000000000e+03 5.875422799112416719e-16
1.396000000000000000e+03 5.748674818875099248e-16
1.397000000000000000e+03 6.704647479064264489e-16
1.398000000000000000e+03 6.597468321095438289e-16
1.399000000000000000e+03 5.894262757241476625e-16
1.400000000000000000e+03 5.647800710632580519e-16
1.401000000000000000e+03 5.543164312761977296e-16
1.402000000000000000e+03 5.478201599682101541e-16
1.403000000000000000e+03 6.024623807306496730e-16
1.404000000000000000e+03 5.587150082889901271e-16
1.405000000000000000e+03 6.075913141366630703e-16
1.406000000000000000e+03 5.396531230288734851e-16
1.407000000000000000e+03 6.051625337940255320e-16
1.408000000000000000e+03 5.791440005752895840e-16
1.409000000000000000e+03 5.330348242541176418e-16
1.410000000000000000e+03 5.926953569238693363e-16
1.411000000000000000e+03 5.754823046282225899e-16
1.412000000000000000e+03 5.503932880059008920e-16
1.413000000000000000e+03 5.951638449048075526e-16
1.414000000000000000e+03 6.155898932468793350e-16
1.415000000000000000e+03 5.389381167340512450e-16
1.416000000000000000e+03 6.066049218111864158e-16
1.417000000000000000e+03 6.540121031645028678e-16
1.418000000000000000e+03 6.002846535360628100e-16
1.419000000000000000e+03 5.755273719603143069e-16
1.420000000000000000e+03 6.150013540077043777e-16
1.421000000000000000e+03 5.672528355129372596e-16
1.422000000000000000e+03 5.571426867132334478e-16
1.423000000000000000e+03 6.149896095087687526e-16
1.424000000000000000e+03 5.474710302147081297e-16
1.425000000000000000e+03 5.536049442982862943e-16
1.426000000000000000e+03 5.678596421514671383e-16
1.427000000000000000e+03 5.851468453854398331e-16
1.428000000000000000e+03 6.305216424412085025e-16
1.429000000000000000e+03 6.143919454683622553e-16
1.430000000000000000e+03 5.708466185025234027e-16
1.431000000000000000e+03 6.159430533464243306e-16
1.432000000000000000e+03 5.666082967683463626e-16
1.433000000000000000e+03 6.386478396162175215e-16
1.434000000000000000e+03 5.542832626865440191e-16
1.435000000000000000e+03 5.711826098874827652e-16
1.436000000000000000e+03 5.898911167872626956e-16
1.437000000000000000e+03 6.598254529413440555e-16
1.438000000000000000e+03 5.443569338351635441e-16
1.439000000000000000e+03 5.881069400472238407e-16
1.440000000000000000e+03 6.293778739040947794e-16
1.441000000000000000e+03 5.764654971353570334e-16
1.442000000000000000e+03 5.859587849698156000e-16
1.443000000000000000e+03 6.528732810122057662e-16
1.444000000000000000e+03 4.935312161887048497e-16
1.445000000000000000e+03 5.116724501975772566e-16
1.446000000000000000e+03 6.305185182610829522e-16
1.447000000000000000e+03 5.289550269429575356e-16
1.448000000000000000e+03 5.913921968099824099e-16
1.449000000000000000e+03 6.288448564510927654e-16
1.450000000000000000e+03 6.738762027452724454e-16
1.451000000000000000e+03 5.581303920564244869e-16
1.452000000000000000e+03 4.968623185798671853e-16
1.453000000000000000e+03 6.328899385145335261e-16
1.454000000000000000e+03 5.853129693545250137e-16
1.455000000000000000e+03 6.175036233402425855e-16
1.456000000000000000e+03 5.880984964806152083e-16
1.457000000000000000e+03 6.312756791985062403e-16
1.458000000000000000e+03 5.958785340163208212e-16
1.459000000000000000e+03 5.179648253044478091e-16
1.460000000000000000e+03 6.103583408642382658e-16
1.461000000000000000e+03 5.847629459629314677e-16
1.462000000000000000e+03 6.607069944607942347e-16
1.463000000000000000e+03 5.806884114738439807e-16
1.464000000000000000e+03 6.375163973653657121e-16
1.465000000000000000e+03 5.579686050240956847e-16
1.466000000000000000e+03 5.770896400019532605e-16
1.467000000000000000e+03 5.330271251303119631e-16
1.468000000000000000e+03 5.700445426422236933e-16
1.469000000000000000e+03 6.984768295922370496e-16
1.470000000000000000e+03 5.958678589250253068e-16
1.471000000000000000e+03 5.548229681497812457e-16
1.472000000000000000e+03 5.274366135630497926e-16
1.473000000000000000e+03 6.600871231677407489e-16
1.474000000000000000e+03 5.890942109128221182e-16
1.475000000000000000e+03 6.193087380244952058e-16
1.476000000000000000e+03 6.347404565672009231e-16
1.477000000000000000e+03 5.552056904974386180e-16
1.478000000000000000e+03 5.941584791042000776e-16
1.479000000000000000e+03 5.946218983497572596e-16
1.480000000000000000e+03 5.563788322338555806e-16
1.481000000000000000e+03 6.014969839649416829e-16
1.482000000000000000e+03 6.783736034294910983e-16
1.483000000000000000e+03 5.470870227018390606e-16
1.484000000000000000e+03 6.208655412918221347e-16
1.485000000000000000e+03 5.907671176965525432e-16
1.486000000000000000e+03 6.324478765811899783e-16
1.487000000000000000e+03 5.525555295791687056e-16
1.488000000000000000e+03 6.581075934364017560e-16
1.489000000000000000e+03 5.842349533387196017e-16
1.490000000000000000e+03 6.222059741407063807e-16
1.491000000000000000e+03 5.360220074660476381e-16
1.492000000000000000e+03 5.930750212401291554e-16
1.493000000000000000e+03 5.535589818125300575e-16
1.494000000000000000e+03 6.070021185366669805e-16
1.495000000000000000e+03 6.035229347563092873e-16
1.496000000000000000e+03 5.644521195895082845e-16
1.497000000000000000e+03 5.978158921860473317e-16
1.498000000000000000e+03 4.956778879517314213e-16
1.499000000000000000e+03 6.387208333898143948e-16
1.500000000000000000e+03 6.053957024851314717e-16
