0.000000000000000000e+00 4.274488445181449658e-01
1.000000000000000000e+00 3.214814546247708460e-01
2.000000000000000000e+00 2.277982711840876584e-01
3.000000000000000000e+00 1.705025962737533041e-01
4.000000000000000000e+00 1.264778884466836451e-01
5.000000000000000000e+00 9.558148133291091697e-02
6.000000000000000000e+00 7.235040138056442194e-02
7.000000000000000000e+00 5.523012424566087208e-02
8.000000000000000000e+00 4.228385032436562940e-02
9.000000000000000000e+00 3.249415840185512078e-02
1.000000000000000000e+01 2.501900491922486036e-02
1.100000000000000000e+01 1.930130250227189009e-02
1.200000000000000000e+01 1.491562996172373333e-02
1.300000000000000000e+01 1.154824963783904028e-02
1.400000000000000000e+01 8.958900029359303727e-03
1.500000000000000000e+01 6.965123176515292981e-03
1.600000000000000000e+01 5.427374465803072763e-03
1.700000000000000000e+01 4.239208646355536320e-03
1.800000000000000000e+01 3.319305719561001754e-03
1.900000000000000000e+01 2.605557650383716166e-03
2.000000000000000000e+01 2.050485564894273180e-03
2.100000000000000000e+01 1.617767587863310754e-03
2.200000000000000000e+01 1.279584199365100660e-03
2.300000000000000000e+01 1.014600073935254670e-03
2.400000000000000000e+01 8.064268943553481962e-04
2.500000000000000000e+01 6.424540300861473173e-04
2.600000000000000000e+01 5.129584961759053657e-04
2.700000000000000000e+01 4.104274685666362216e-04
2.800000000000000000e+01 3.290422671438340569e-04
2.900000000000000000e+01 2.642850652604975892e-04
3.000000000000000000e+01 2.126388461392235668e-04
3.100000000000000000e+01 1.713582324858756926e-04
3.200000000000000000e+01 1.382941988114018991e-04
3.300000000000000000e+01 1.117597741481958637e-04
3.400000000000000000e+01 9.042695187548566420e-05
3.500000000000000000e+01 7.324738372674392773e-05
3.600000000000000000e+01 5.939122471293506900e-05
3.700000000000000000e+01 4.819985235713070121e-05
3.800000000000000000e+01 3.914921142720259627e-05
3.900000000000000000e+01 3.182131383369123844e-05
4.000000000000000000e+01 2.588201293250589680e-05
4.100000000000000000e+01 2.106361807322597318e-05
4.200000000000000000e+01 1.715125369982655707e-05
4.300000000000000000e+01 1.397212404311991328e-05
4.400000000000000000e+01 1.138703941694690770e-05
4.500000000000000000e+01 9.283708433414628703e-06
4.600000000000000000e+01 7.571413476855637336e-06
4.700000000000000000e+01 6.176773108879101779e-06
4.800000000000000000e+01 5.040361193829297133e-06
4.900000000000000000e+01 4.114003309671847851e-06
5.000000000000000000e+01 3.358610126013667734e-06
5.100000000000000000e+01 2.742437660861195358e-06
5.200000000000000000e+01 2.239687768545335074e-06
5.300000000000000000e+01 1.829380449712764383e-06
5.400000000000000000e+01 1.494443813292252672e-06
5.500000000000000000e+01 1.220978673793442307e-06
5.600000000000000000e+01 9.976635348028441479e-07
5.700000000000000000e+01 8.152726204061683343e-07
5.800000000000000000e+01 6.662850839232035202e-07
5.900000000000000000e+01 5.445678590531640504e-07
6.000000000000000000e+01 4.451180676279093163e-07
6.100000000000000000e+01 3.638536483320530789e-07
6.200000000000000000e+01 2.974430690202884086e-07
6.300000000000000000e+01 2.431667469467285941e-07
6.400000000000000000e+01 1.988042140329940178e-07
6.500000000000000000e+01 1.625422023529670122e-07
6.600000000000000000e+01 1.328997396578131306e-07
6.700000000000000000e+01 1.086670849282883446e-07
6.800000000000000000e+01 8.885593020386100047e-08
6.900000000000000000e+01 7.265877798885368603e-08
7.000000000000000000e+01 5.941579503431730656e-08
7.100000000000000000e+01 4.858776009865572166e-08
7.200000000000000000e+01 3.973398067883294024e-08
7.300000000000000000e+01 3.249426232001576795e-08
7.400000000000000000e+01 2.657418479292189121e-08
7.500000000000000000e+01 2.173307636526775611e-08
7.600000000000000000e+01 1.777419069099645712e-08
7.700000000000000000e+01 1.453668161056726292e-08
7.800000000000000000e+01 1.188904662495034121e-08
7.900000000000000000e+01 9.723768832463593854e-09
8.000000000000000000e+01 7.952938843798876432e-09
8.100000000000000000e+01 6.504676378254026789e-09
8.200000000000000000e+01 5.320205733961245095e-09
8.300000000000000000e+01 4.351465211647521715e-09
8.400000000000000000e+01 3.559153054187494109e-09
8.500000000000000000e+01 2.911129984328697740e-09
8.600000000000000000e+01 2.381113311917363219e-09
8.700000000000000000e+01 1.947609246118520971e-09
8.800000000000000000e+01 1.593040014330341952e-09
8.900000000000000000e+01 1.303030024488962653e-09
9.000000000000000000e+01 1.065822465417888612e-09
9.100000000000000000e+01 8.718019903912710108e-10
9.200000000000000000e+01 7.131045558833683784e-10
9.300000000000000000e+01 5.832984223204248747e-10
9.400000000000000000e+01 4.771231675269504740e-10
9.500000000000000000e+01 3.902762907352126938e-10
9.600000000000000000e+01 3.192387931767440906e-10
9.700000000000000000e+01 2.611325009323494699e-10
9.800000000000000000e+01 2.136032367624628527e-10
9.900000000000000000e+01 1.747254998312576243e-10
1.000000000000000000e+02 1.429243412355411539e-10
1.010000000000000000e+02 1.169115756859038488e-10
1.020000000000000000e+02 9.563350845445502475e-11
1.030000000000000000e+02 7.822829496889692545e-11
1.040000000000000000e+02 6.399100640190264740e-11
1.050000000000000000e+02 5.234497604600173720e-11
1.060000000000000000e+02 4.281856684767188601e-11
1.070000000000000000e+02 3.502596123615597633e-11
1.080000000000000000e+02 2.865161850244080621e-11
1.090000000000000000e+02 2.343739271667362107e-11
1.100000000000000000e+02 1.917211380399226662e-11
1.110000000000000000e+02 1.568307473168083533e-11
1.120000000000000000e+02 1.282901795135832207e-11
1.130000000000000000e+02 1.049438108508792375e-11
1.140000000000000000e+02 8.584608472243003422e-12
1.150000000000000000e+02 7.022385324550501711e-12
1.160000000000000000e+02 5.744466494324146804e-12
1.170000000000000000e+02 4.699120884323516569e-12
1.180000000000000000e+02 3.843983136138301312e-12
1.190000000000000000e+02 3.144475725553206825e-12
1.200000000000000000e+02 2.572265075103143009e-12
1.210000000000000000e+02 2.104193507109673248e-12
1.220000000000000000e+02 1.721285513528197885e-12
1.230000000000000000e+02 1.408048109900159384e-12
1.240000000000000000e+02 1.151833706618596476e-12
1.250000000000000000e+02 9.422375437004933894e-13
1.260000000000000000e+02 7.707748031579312217e-13
1.270000000000000000e+02 6.305205315639357694e-13
1.280000000000000000e+02 5.157839462500488973e-13
1.290000000000000000e+02 4.219260299865499048e-13
1.300000000000000000e+02 3.451359352287654091e-13
1.310000000000000000e+02 2.823437756733468742e-13
1.320000000000000000e+02 2.309763802726084798e-13
1.330000000000000000e+02 1.889363015035478427e-13
1.340000000000000000e+02 1.545720360406046309e-13
1.350000000000000000e+02 1.264430326347560805e-13
1.360000000000000000e+02 1.034413229740696315e-13
1.370000000000000000e+02 8.461490538375867829e-14
1.380000000000000000e+02 6.921389122531789992e-14
1.390000000000000000e+02 5.663631996904322263e-14
1.400000000000000000e+02 4.632485180340503511e-14
1.410000000000000000e+02 3.790618219845698075e-14
1.420000000000000000e+02 3.099750995819459467e-14
1.430000000000000000e+02 2.534762507780477893e-14
1.440000000000000000e+02 2.074664034793852714e-14
1.450000000000000000e+02 1.696626352093770620e-14
1.460000000000000000e+02 1.388081780491097094e-14
1.470000000000000000e+02 1.136283077986119829e-14
1.480000000000000000e+02 9.300231331824101822e-15
1.490000000000000000e+02 7.613695935857781895e-15
1.500000000000000000e+02 6.213550541440714877e-15
1.510000000000000000e+02 5.097714767769674554e-15
1.520000000000000000e+02 4.167928128208601217e-15
1.530000000000000000e+02 3.410398785862638117e-15
1.540000000000000000e+02 2.797805213238770282e-15
1.550000000000000000e+02 2.279662936752232746e-15
1.560000000000000000e+02 1.869272598699315122e-15
1.570000000000000000e+02 1.546589560327942526e-15
1.580000000000000000e+02 1.271340076888437409e-15
1.590000000000000000e+02 1.041899595479307057e-15
1.600000000000000000e+02 8.565617912784548361e-16
1.610000000000000000e+02 7.100882823579649837e-16
1.620000000000000000e+02 6.140284695686772048e-16
1.630000000000000000e+02 5.206277377467708318e-16
1.640000000000000000e+02 4.484830660477170154e-16
1.650000000000000000e+02 3.906047770191402252e-16
1.660000000000000000e+02 3.464615619591886933e-16
1.670000000000000000e+02 3.256042110058794362e-16
1.680000000000000000e+02 3.149720610094031352e-16
1.690000000000000000e+02 2.956615384726790304e-16
1.700000000000000000e+02 2.792991771960636499e-16
1.710000000000000000e+02 2.662621427587992508e-16
1.720000000000000000e+02 2.644135761097997826e-16
1.730000000000000000e+02 2.549511150646321408e-16
1.740000000000000000e+02 2.525824280612661140e-16
1.750000000000000000e+02 2.678561513964758218e-16
1.760000000000000000e+02 2.636072905009380174e-16
1.770000000000000000e+02 2.587169726305437044e-16
1.780000000000000000e+02 2.570064273840067420e-16
1.790000000000000000e+02 2.488805692419596529e-16
1.800000000000000000e+02 2.614511610655379195e-16
1.810000000000000000e+02 2.586236849143333314e-16
1.820000000000000000e+02 2.486088417979091816e-16
1.830000000000000000e+02 2.536659346966539227e-16
1.840000000000000000e+02 2.573581208567757138e-16
1.850000000000000000e+02 2.593154032788782952e-16
1.860000000000000000e+02 2.470987860444115413e-16
1.870000000000000000e+02 2.524594033727462768e-16
1.880000000000000000e+02 2.436229853805797882e-16
1.890000000000000000e+02 2.471969211486158585e-16
1.900000000000000000e+02 2.510640706199734157e-16
1.910000000000000000e+02 2.449704105935860203e-16
1.920000000000000000e+02 2.391750094487197267e-16
1.930000000000000000e+02 2.374695565429927736e-16
1.940000000000000000e+02 2.432156654833082824e-16
1.950000000000000000e+02 2.403760022680993023e-16
1.960000000000000000e+02 2.457349751171996280e-16
1.970000000000000000e+02 2.397234509151042371e-16
1.980000000000000000e+02 2.481857286863761254e-16
1.990000000000000000e+02 2.315114387685109429e-16
2.000000000000000000e+02 2.296483393156920049e-16
2.010000000000000000e+02 2.368666977879016350e-16
2.020000000000000000e+02 2.254468539519200121e-16
2.030000000000000000e+02 2.308972896661833610e-16
2.040000000000000000e+02 2.366309515195726918e-16
2.050000000000000000e+02 2.396948601617241952e-16
2.060000000000000000e+02 2.259750404115853980e-16
2.070000000000000000e+02 2.437706727874935946e-16
2.080000000000000000e+02 2.415333074312536300e-16
2.090000000000000000e+02 2.494367920436843482e-16
2.100000000000000000e+02 2.441015919955387074e-16
2.110000000000000000e+02 2.408792912650269727e-16
2.120000000000000000e+02 2.280444237918152941e-16
2.130000000000000000e+02 2.224815159018724693e-16
2.140000000000000000e+02 2.207586385977290000e-16
2.150000000000000000e+02 2.240651781270118328e-16
2.160000000000000000e+02 2.335558417638218903e-16
2.170000000000000000e+02 2.350216057102587827e-16
2.180000000000000000e+02 2.274304760158999480e-16
2.190000000000000000e+02 2.338255806225144493e-16
2.200000000000000000e+02 2.338220703972775928e-16
2.210000000000000000e+02 2.309443848504687638e-16
2.220000000000000000e+02 2.256493654670027414e-16
2.230000000000000000e+02 2.239807276400563472e-16
2.240000000000000000e+02 2.303363851369251726e-16
2.250000000000000000e+02 2.218682668896670054e-16
2.260000000000000000e+02 2.239230045438177615e-16
2.270000000000000000e+02 2.289618106400083710e-16
2.280000000000000000e+02 2.238333668177936962e-16
2.290000000000000000e+02 2.252022512525799992e-16
2.300000000000000000e+02 2.289610936858787501e-16
2.310000000000000000e+02 2.261476829956678419e-16
2.320000000000000000e+02 2.238868971386063932e-16
2.330000000000000000e+02 2.233172057180486171e-16
2.340000000000000000e+02 2.181230370776917974e-16
2.350000000000000000e+02 2.204699352410774437e-16
2.360000000000000000e+02 2.160207357867830195e-16
2.370000000000000000e+02 2.142698522099102376e-16
2.380000000000000000e+02 2.158802980116281056e-16
2.390000000000000000e+02 2.241809023633038270e-16
2.400000000000000000e+02 2.289010408080502841e-16
2.410000000000000000e+02 2.144588072073609349e-16
2.420000000000000000e+02 2.208186756712299594e-16
2.430000000000000000e+02 2.252984484010389633e-16
2.440000000000000000e+02 2.272165479604523938e-16
2.450000000000000000e+02 2.300489980457823846e-16
2.460000000000000000e+02 2.344966452432845324e-16
2.470000000000000000e+02 2.235400060201589446e-16
2.480000000000000000e+02 2.187837416787281715e-16
2.490000000000000000e+02 2.169791275043478679e-16
2.500000000000000000e+02 2.175193858496928734e-16
2.510000000000000000e+02 2.107240564425082755e-16
2.520000000000000000e+02 2.221970827877808209e-16
2.530000000000000000e+02 2.148923721273536888e-16
2.540000000000000000e+02 2.115239385631617108e-16
2.550000000000000000e+02 2.178031444942128670e-16
2.560000000000000000e+02 2.125282954480598898e-16
2.570000000000000000e+02 2.059338513081424727e-16
2.580000000000000000e+02 2.153458373129949991e-16
2.590000000000000000e+02 2.158101399336164917e-16
2.600000000000000000e+02 2.106872452936872016e-16
2.610000000000000000e+02 2.031861674487732750e-16
2.620000000000000000e+02 1.963059084418193103e-16
2.630000000000000000e+02 1.977422960365771484e-16
2.640000000000000000e+02 2.026338204323868191e-16
2.650000000000000000e+02 2.002215483402704969e-16
2.660000000000000000e+02 2.029462804140741034e-16
2.670000000000000000e+02 2.047178351648177905e-16
2.680000000000000000e+02 2.032340301063573976e-16
2.690000000000000000e+02 2.036928991030225849e-16
2.700000000000000000e+02 2.020870714161475724e-16
2.710000000000000000e+02 2.051793861701796765e-16
2.720000000000000000e+02 2.054416367157609987e-16
2.730000000000000000e+02 1.990077467764000929e-16
2.740000000000000000e+02 2.017950424753047839e-16
2.750000000000000000e+02 2.091922253572964742e-16
2.760000000000000000e+02 2.088710331174633622e-16
2.770000000000000000e+02 2.060223130955139774e-16
2.780000000000000000e+02 2.097981235351045222e-16
2.790000000000000000e+02 2.059848609400997737e-16
2.800000000000000000e+02 2.184681978326439154e-16
2.810000000000000000e+02 2.171842438653630050e-16
2.820000000000000000e+02 2.040560335483926731e-16
2.830000000000000000e+02 1.990199131879776686e-16
2.840000000000000000e+02 1.981958653887312788e-16
2.850000000000000000e+02 1.941104713679567704e-16
2.860000000000000000e+02 1.983647555376714110e-16
2.870000000000000000e+02 1.952790627867913299e-16
2.880000000000000000e+02 1.928571480780222857e-16
2.890000000000000000e+02 2.030352353726134559e-16
2.900000000000000000e+02 2.104619533814569700e-16
2.910000000000000000e+02 2.085572173250021673e-16
2.920000000000000000e+02 1.960649292723752358e-16
2.930000000000000000e+02 2.080301799616931286e-16
2.940000000000000000e+02 2.032566448246073396e-16
2.950000000000000000e+02 2.079510584866874136e-16
2.960000000000000000e+02 2.008720801097320244e-16
2.970000000000000000e+02 1.958045817797075107e-16
2.980000000000000000e+02 2.041235969792741439e-16
2.990000000000000000e+02 2.067193142476590254e-16
3.000000000000000000e+02 2.022817260364395167e-16
3.010000000000000000e+02 2.013544725367260766e-16
3.020000000000000000e+02 2.050006960104803091e-16
3.030000000000000000e+02 2.070111368539495699e-16
3.040000000000000000e+02 2.109700780543455155e-16
3.050000000000000000e+02 2.031710186894806572e-16
3.060000000000000000e+02 2.037777017800069472e-16
3.070000000000000000e+02 2.040335074330144617e-16
3.080000000000000000e+02 2.014294618583291253e-16
3.090000000000000000e+02 2.018806423740457805e-16
3.100000000000000000e+02 2.032841021716780858e-16
3.110000000000000000e+02 1.983053706214303868e-16
3.120000000000000000e+02 2.058997714282096144e-16
3.130000000000000000e+02 1.858621759685960878e-16
3.140000000000000000e+02 1.939672876415890887e-16
3.150000000000000000e+02 2.012378575739845362e-16
3.160000000000000000e+02 2.073171975738558411e-16
3.170000000000000000e+02 1.970895545525581883e-16
3.180000000000000000e+02 1.923218683933655211e-16
3.190000000000000000e+02 1.893536012472264910e-16
3.200000000000000000e+02 1.944737727127629538e-16
3.210000000000000000e+02 1.946610722008360594e-16
3.220000000000000000e+02 1.955142938092647895e-16
3.230000000000000000e+02 1.908010308974035816e-16
3.240000000000000000e+02 1.919350380670530388e-16
3.250000000000000000e+02 1.830714865354094450e-16
3.260000000000000000e+02 1.897266605304237749e-16
3.270000000000000000e+02 1.914115449054546568e-16
3.280000000000000000e+02 1.926834304823747675e-16
3.290000000000000000e+02 1.930810894362033048e-16
3.300000000000000000e+02 1.911772762915775350e-16
3.310000000000000000e+02 1.931531292690167558e-16
3.320000000000000000e+02 1.869901419959368944e-16
3.330000000000000000e+02 1.798676686928133309e-16
3.340000000000000000e+02 1.740796530469548342e-16
3.350000000000000000e+02 1.738796248698437890e-16
3.360000000000000000e+02 1.825832707930688408e-16
3.370000000000000000e+02 1.804981123595728183e-16
3.380000000000000000e+02 1.692154257308113448e-16
3.390000000000000000e+02 1.777993654950710006e-16
3.400000000000000000e+02 1.833940039382903272e-16
3.410000000000000000e+02 1.762228357819043001e-16
3.420000000000000000e+02 1.719066501107477669e-16
3.430000000000000000e+02 1.790003928179320252e-16
3.440000000000000000e+02 1.770879561060981950e-16
3.450000000000000000e+02 1.795918391975504869e-16
3.460000000000000000e+02 1.753199772752742467e-16
3.470000000000000000e+02 1.827699568235083298e-16
3.480000000000000000e+02 1.721430657469641210e-16
3.490000000000000000e+02 1.750426084000056425e-16
3.500000000000000000e+02 1.775397401707139068e-16
3.510000000000000000e+02 1.875222578844182309e-16
3.520000000000000000e+02 1.700409024150618507e-16
3.530000000000000000e+02 1.718608084639077336e-16
3.540000000000000000e+02 1.677366037327761444e-16
3.550000000000000000e+02 1.795010973975240423e-16
3.560000000000000000e+02 1.679263538488384191e-16
3.570000000000000000e+02 1.758862360819221368e-16
3.580000000000000000e+02 1.751907180498251912e-16
3.590000000000000000e+02 1.783294492166265898e-16
3.600000000000000000e+02 1.706184283488422269e-16
3.610000000000000000e+02 1.801047994015965012e-16
3.620000000000000000e+02 1.744169157041443393e-16
3.630000000000000000e+02 1.708549451514010717e-16
3.640000000000000000e+02 1.766575516824315758e-16
3.650000000000000000e+02 1.820159763635799044e-16
3.660000000000000000e+02 1.859665859229925185e-16
3.670000000000000000e+02 1.858800600590525389e-16
3.680000000000000000e+02 1.772123578574157123e-16
3.690000000000000000e+02 1.781344236111150124e-16
3.700000000000000000e+02 1.838251561720874681e-16
3.710000000000000000e+02 1.712405054641546688e-16
3.720000000000000000e+02 1.689358076509337731e-16
3.730000000000000000e+02 1.785375941684207506e-16
3.740000000000000000e+02 1.770344156136328181e-16
3.750000000000000000e+02 1.848847657469268971e-16
3.760000000000000000e+02 1.830401003665006045e-16
3.770000000000000000e+02 1.865330859409593842e-16
3.780000000000000000e+02 1.703449680281511186e-16
3.790000000000000000e+02 1.873490698014575124e-16
3.800000000000000000e+02 1.829566766709223008e-16
3.810000000000000000e+02 1.832399831072346539e-16
3.820000000000000000e+02 1.835928307837500723e-16
3.830000000000000000e+02 1.771176165964001801e-16
3.840000000000000000e+02 1.804605934533347748e-16
3.850000000000000000e+02 1.781897063758257756e-16
3.860000000000000000e+02 1.832910392327637458e-16
3.870000000000000000e+02 1.829551065055663183e-16
3.880000000000000000e+02 1.797642822295403988e-16
3.890000000000000000e+02 1.796427899279542327e-16
3.900000000000000000e+02 1.914949285049128301e-16
3.910000000000000000e+02 1.909781798878569452e-16
3.920000000000000000e+02 1.882999599785115820e-16
3.930000000000000000e+02 1.827737739216588899e-16
3.940000000000000000e+02 1.936990360638785965e-16
3.950000000000000000e+02 1.927764825363112340e-16
3.960000000000000000e+02 1.856005624438040841e-16
3.970000000000000000e+02 1.860671878317817797e-16
3.980000000000000000e+02 1.960977884806100408e-16
3.990000000000000000e+02 1.842515131188030144e-16
4.000000000000000000e+02 1.773482428117082138e-16
4.010000000000000000e+02 1.868612687333702072e-16
4.020000000000000000e+02 1.870597010281951964e-16
4.030000000000000000e+02 1.874005393571843650e-16
4.040000000000000000e+02 1.835836657782718754e-16
4.050000000000000000e+02 1.849131756156117676e-16
4.060000000000000000e+02 2.044618821070234225e-16
4.070000000000000000e+02 1.988573580007521625e-16
4.080000000000000000e+02 1.948783078231561129e-16
4.090000000000000000e+02 1.839269293754074946e-16
4.100000000000000000e+02 1.762389037461356962e-16
4.110000000000000000e+02 1.714713776508833320e-16
4.120000000000000000e+02 1.748267814738219868e-16
4.130000000000000000e+02 1.818319016818974173e-16
4.140000000000000000e+02 1.852331510469200652e-16
4.150000000000000000e+02 1.857252283606018230e-16
4.160000000000000000e+02 1.890603544396379016e-16
4.170000000000000000e+02 1.854574470941538685e-16
4.180000000000000000e+02 1.920034468836072954e-16
4.190000000000000000e+02 1.945058457794863168e-16
4.200000000000000000e+02 1.923229353183380896e-16
4.210000000000000000e+02 1.960375075013438804e-16
4.220000000000000000e+02 1.981469928711171471e-16
4.230000000000000000e+02 1.933501983470157954e-16
4.240000000000000000e+02 2.051407798691213928e-16
4.250000000000000000e+02 2.062102678978719108e-16
4.260000000000000000e+02 2.010103454732268086e-16
4.270000000000000000e+02 1.985277140699278018e-16
4.280000000000000000e+02 1.972479491336850577e-16
4.290000000000000000e+02 1.915658510074523220e-16
4.300000000000000000e+02 1.854415139815495447e-16
4.310000000000000000e+02 1.983548248037147693e-16
4.320000000000000000e+02 2.032372609344582019e-16
4.330000000000000000e+02 1.967863558635426180e-16
4.340000000000000000e+02 1.972102873146741661e-16
4.350000000000000000e+02 1.848581275296723395e-16
4.360000000000000000e+02 1.831288644757912167e-16
4.370000000000000000e+02 1.808052467430663578e-16
4.380000000000000000e+02 1.878233686798732711e-16
4.390000000000000000e+02 1.966361464861847381e-16
4.400000000000000000e+02 1.853004905155055975e-16
4.410000000000000000e+02 1.884827257101182497e-16
4.420000000000000000e+02 1.777587374586352982e-16
4.430000000000000000e+02 1.839409857196427806e-16
4.440000000000000000e+02 1.820376199712653031e-16
4.450000000000000000e+02 1.865060230310269186e-16
4.460000000000000000e+02 1.936004921673444219e-16
4.470000000000000000e+02 1.931395308861872155e-16
4.480000000000000000e+02 1.901443172617016925e-16
4.490000000000000000e+02 1.804423996603444901e-16
4.500000000000000000e+02 1.872883832690842635e-16
4.510000000000000000e+02 1.801619832324532493e-16
4.520000000000000000e+02 1.950368148947812064e-16
4.530000000000000000e+02 1.820184564908456728e-16
4.540000000000000000e+02 1.864512251151682478e-16
4.550000000000000000e+02 1.970914285568750204e-16
4.560000000000000000e+02 1.865427660284574027e-16
4.570000000000000000e+02 1.961630719705841367e-16
4.580000000000000000e+02 1.943690764195489224e-16
4.590000000000000000e+02 1.968147158736904723e-16
4.600000000000000000e+02 1.895353509731107277e-16
4.610000000000000000e+02 1.876981285342247647e-16
4.620000000000000000e+02 1.904313693837097591e-16
4.630000000000000000e+02 2.046987901253530045e-16
4.640000000000000000e+02 2.008393890125092801e-16
4.650000000000000000e+02 2.030530216879163749e-16
4.660000000000000000e+02 2.058981769097393989e-16
4.670000000000000000e+02 1.922819611482850218e-16
4.680000000000000000e+02 2.026449590827214581e-16
4.690000000000000000e+02 1.911087864811829457e-16
4.700000000000000000e+02 2.008583913602953937e-16
4.710000000000000000e+02 1.941087800055827789e-16
4.720000000000000000e+02 1.953099530105900199e-16
4.730000000000000000e+02 1.924526293052225129e-16
4.740000000000000000e+02 1.898903323764228482e-16
4.750000000000000000e+02 2.004753410140840527e-16
4.760000000000000000e+02 1.944499254914263717e-16
4.770000000000000000e+02 2.006834200932911734e-16
4.780000000000000000e+02 1.936954342667300788e-16
4.790000000000000000e+02 1.965526472302139097e-16
4.800000000000000000e+02 1.935498232027827865e-16
4.810000000000000000e+02 1.864919399635622633e-16
4.820000000000000000e+02 1.792020333779253100e-16
4.830000000000000000e+02 1.881514820524578006e-16
4.840000000000000000e+02 1.768996815294493986e-16
4.850000000000000000e+02 1.812085897428610480e-16
4.860000000000000000e+02 1.816404107273065861e-16
4.870000000000000000e+02 1.818840299625838326e-16
4.880000000000000000e+02 1.812620293109344271e-16
4.890000000000000000e+02 1.830652097321154183e-16
4.900000000000000000e+02 1.690700917521841067e-16
4.910000000000000000e+02 1.668475940129789892e-16
4.920000000000000000e+02 1.669184169813699036e-16
4.930000000000000000e+02 1.695877746600197513e-16
4.940000000000000000e+02 1.757856440982171449e-16
4.950000000000000000e+02 1.722002719736599423e-16
4.960000000000000000e+02 1.806144850480856785e-16
4.970000000000000000e+02 1.778722879993329800e-16
4.980000000000000000e+02 1.826657416979403627e-16
4.990000000000000000e+02 1.813419328298642843e-16
5.000000000000000000e+02 1.744809030940748651e-16
5.010000000000000000e+02 1.792203530883960078e-16
5.020000000000000000e+02 1.897638612430490222e-16
5.030000000000000000e+02 1.801328240252084641e-16
5.040000000000000000e+02 1.730485074643712887e-16
5.050000000000000000e+02 1.887786089444523020e-16
5.060000000000000000e+02 1.806072139518426094e-16
5.070000000000000000e+02 1.847852968094508602e-16
5.080000000000000000e+02 1.803359291939843834e-16
5.090000000000000000e+02 1.815922804436842327e-16
5.100000000000000000e+02 1.790499074384260413e-16
5.110000000000000000e+02 1.794571957333679656e-16
5.120000000000000000e+02 1.873315450241232648e-16
5.130000000000000000e+02 1.794894370653038301e-16
5.140000000000000000e+02 1.876239942190443935e-16
5.150000000000000000e+02 1.870474148784617281e-16
5.160000000000000000e+02 2.009629742605880738e-16
5.170000000000000000e+02 1.831001777531596392e-16
5.180000000000000000e+02 1.806533350082426380e-16
5.190000000000000000e+02 1.826030492277607561e-16
5.200000000000000000e+02 1.765123003450486846e-16
5.210000000000000000e+02 1.696891385947441221e-16
5.220000000000000000e+02 1.812550106055246729e-16
5.230000000000000000e+02 1.742530762796856837e-16
5.240000000000000000e+02 1.759198317214092626e-16
5.250000000000000000e+02 1.770529596081544199e-16
5.260000000000000000e+02 1.754526498353100880e-16
5.270000000000000000e+02 1.694635878083906425e-16
5.280000000000000000e+02 1.736016094699526301e-16
5.290000000000000000e+02 2.988711486351432359e-16
5.300000000000000000e+02 1.874487108139607134e-16
5.310000000000000000e+02 1.839267062501712956e-16
5.320000000000000000e+02 1.889161671423792723e-16
5.330000000000000000e+02 1.913645854542317104e-16
5.340000000000000000e+02 1.917876625046401373e-16
5.350000000000000000e+02 1.891026777165267309e-16
5.360000000000000000e+02 1.880223134640510356e-16
5.370000000000000000e+02 1.879771271524886020e-16
5.380000000000000000e+02 1.926246376037122733e-16
5.390000000000000000e+02 2.964235566905070720e-16
5.400000000000000000e+02 1.777580448547970457e-16
5.410000000000000000e+02 1.800336929842267503e-16
5.420000000000000000e+02 1.754086707592249466e-16
5.430000000000000000e+02 1.834056397901731336e-16
5.440000000000000000e+02 1.905841004458368288e-16
5.450000000000000000e+02 1.808159143687290426e-16
5.460000000000000000e+02 1.790462401583447777e-16
5.470000000000000000e+02 1.832767091246171442e-16
5.480000000000000000e+02 1.800245747456876418e-16
5.490000000000000000e+02 1.757707020966464619e-16
5.500000000000000000e+02 1.701171506985594913e-16
5.510000000000000000e+02 1.755957394727474211e-16
5.520000000000000000e+02 1.785143767630089834e-16
5.530000000000000000e+02 1.751942317893294052e-16
5.540000000000000000e+02 1.853394653408949179e-16
5.550000000000000000e+02 1.856889866179139543e-16
5.560000000000000000e+02 1.841407820234077884e-16
5.570000000000000000e+02 1.914689955949864474e-16
5.580000000000000000e+02 2.725473232314001784e-16
5.590000000000000000e+02 2.034552232207761241e-16
5.600000000000000000e+02 2.034509872912882376e-16
5.610000000000000000e+02 1.848809922328346060e-16
5.620000000000000000e+02 1.957257600125712889e-16
5.630000000000000000e+02 1.907545665686066803e-16
5.640000000000000000e+02 1.911345535528042538e-16
5.650000000000000000e+02 1.901011465011533327e-16
5.660000000000000000e+02 1.875222578844182309e-16
5.670000000000000000e+02 1.902289035326005466e-16
5.680000000000000000e+02 2.604830915195294941e-16
5.690000000000000000e+02 2.653031205111387969e-16
5.700000000000000000e+02 2.642466764117284776e-16
5.710000000000000000e+02 2.594019559130770414e-16
5.720000000000000000e+02 2.608804408137887428e-16
5.730000000000000000e+02 1.980044482138937778e-16
5.740000000000000000e+02 2.390981272541798702e-16
5.750000000000000000e+02 2.470886548213673619e-16
5.760000000000000000e+02 2.561486335376434569e-16
5.770000000000000000e+02 2.459639978307586069e-16
5.780000000000000000e+02 2.470748690474175715e-16
5.790000000000000000e+02 2.468847794734352053e-16
5.800000000000000000e+02 2.465667501727891587e-16
5.810000000000000000e+02 2.495657467074313569e-16
5.820000000000000000e+02 2.601963530175298636e-16
5.830000000000000000e+02 2.565686918502722525e-16
5.840000000000000000e+02 2.143081544223702223e-16
5.850000000000000000e+02 2.652907453316107782e-16
5.860000000000000000e+02 2.589910882683466220e-16
5.870000000000000000e+02 2.558849450279491700e-16
5.880000000000000000e+02 2.464402228624234828e-16
5.890000000000000000e+02 2.462643085774104921e-16
5.900000000000000000e+02 2.433973239948937916e-16
5.910000000000000000e+02 2.549937677502557093e-16
5.920000000000000000e+02 2.412007362072386313e-16
5.930000000000000000e+02 2.391120296602234911e-16
5.940000000000000000e+02 2.493907206470045493e-16
5.950000000000000000e+02 2.419563505109281567e-16
5.960000000000000000e+02 2.459601602862033985e-16
5.970000000000000000e+02 2.394920589740368882e-16
5.980000000000000000e+02 2.480037716473807413e-16
5.990000000000000000e+02 2.509116804617450008e-16
6.000000000000000000e+02 2.480567183704389649e-16
6.010000000000000000e+02 2.482227654099379922e-16
6.020000000000000000e+02 2.411559843400128762e-16
6.030000000000000000e+02 2.379117285491321395e-16
6.040000000000000000e+02 2.396885252219291292e-16
6.050000000000000000e+02 2.429774653825041269e-16
6.060000000000000000e+02 2.406681096975743642e-16
6.070000000000000000e+02 2.395838888860092639e-16
6.080000000000000000e+02 2.417909222013345614e-16
6.090000000000000000e+02 2.420447022623037610e-16
6.100000000000000000e+02 2.416075463128108738e-16
6.110000000000000000e+02 2.399221223941151687e-16
6.120000000000000000e+02 2.480628396064119159e-16
6.130000000000000000e+02 2.547991169125458151e-16
6.140000000000000000e+02 2.557302923982293630e-16
6.150000000000000000e+02 2.493688337517973804e-16
6.160000000000000000e+02 2.522911021260322069e-16
6.170000000000000000e+02 2.528864012022545491e-16
6.180000000000000000e+02 2.473038125258940625e-16
6.190000000000000000e+02 2.467023619580351183e-16
6.200000000000000000e+02 2.455017268870183257e-16
6.210000000000000000e+02 2.498155712164818359e-16
6.220000000000000000e+02 2.486326112357772149e-16
6.230000000000000000e+02 2.521360355479119846e-16
6.240000000000000000e+02 2.461963080306933661e-16
6.250000000000000000e+02 2.592829583768955188e-16
6.260000000000000000e+02 2.619869618865285592e-16
6.270000000000000000e+02 2.621986591937218303e-16
6.280000000000000000e+02 2.580950536408303245e-16
6.290000000000000000e+02 2.555562766137662314e-16
6.300000000000000000e+02 2.591064186217193225e-16
6.310000000000000000e+02 2.531160871081820313e-16
6.320000000000000000e+02 2.455847926620953990e-16
6.330000000000000000e+02 2.531601837053650393e-16
6.340000000000000000e+02 2.529245344147535093e-16
6.350000000000000000e+02 2.545375774057987990e-16
6.360000000000000000e+02 2.408194838102752157e-16
6.370000000000000000e+02 2.505797644772191311e-16
6.380000000000000000e+02 2.037696460358320744e-16
6.390000000000000000e+02 1.927832946518220125e-16
6.400000000000000000e+02 1.996188595480566922e-16
6.410000000000000000e+02 1.972046686367857665e-16
6.420000000000000000e+02 1.923041565741124318e-16
6.430000000000000000e+02 1.968697559956435617e-16
6.440000000000000000e+02 1.895318865775123689e-16
6.450000000000000000e+02 2.678406765608420177e-16
6.460000000000000000e+02 2.769378003827828438e-16
6.470000000000000000e+02 1.850817693954208417e-16
6.480000000000000000e+02 2.682884725465398312e-16
6.490000000000000000e+02 1.896273508119672039e-16
6.500000000000000000e+02 1.903272525073307415e-16
6.510000000000000000e+02 2.689557932312713517e-16
6.520000000000000000e+02 1.989961983078505361e-16
6.530000000000000000e+02 1.897294724670048078e-16
6.540000000000000000e+02 2.776291212269482492e-16
6.550000000000000000e+02 2.764725454453851668e-16
6.560000000000000000e+02 1.915480692817736548e-16
6.570000000000000000e+02 1.930808768895609806e-16
6.580000000000000000e+02 1.862470766749363477e-16
6.590000000000000000e+02 1.787085284446943302e-16
6.600000000000000000e+02 1.759163324749837678e-16
6.610000000000000000e+02 2.746259098097016879e-16
6.620000000000000000e+02 1.754154554848822829e-16
6.630000000000000000e+02 1.797763812886894812e-16
6.640000000000000000e+02 1.884045437190588144e-16
6.650000000000000000e+02 1.816946267566090671e-16
6.660000000000000000e+02 1.856748415798726485e-16
6.670000000000000000e+02 1.828599742054773236e-16
6.680000000000000000e+02 1.847977333546037884e-16
6.690000000000000000e+02 1.883121644078030570e-16
6.700000000000000000e+02 1.874699461152659861e-16
6.710000000000000000e+02 1.863384976410697385e-16
6.720000000000000000e+02 1.870597010281951964e-16
6.730000000000000000e+02 1.875441413241242602e-16
6.740000000000000000e+02 1.932799305973660000e-16
6.750000000000000000e+02 2.804417545796735679e-16
6.760000000000000000e+02 1.807580292670861578e-16
6.770000000000000000e+02 2.882168015137108379e-16
6.780000000000000000e+02 1.883574882218697048e-16
6.790000000000000000e+02 1.859277425568651942e-16
6.800000000000000000e+02 1.806742332849334749e-16
6.810000000000000000e+02 1.816132966433493729e-16
6.820000000000000000e+02 1.799406652715632956e-16
6.830000000000000000e+02 1.820231911854249949e-16
6.840000000000000000e+02 1.866588879218807789e-16
6.850000000000000000e+02 2.979137836706018425e-16
6.860000000000000000e+02 2.882811538634641437e-16
6.870000000000000000e+02 1.841167109249583911e-16
6.880000000000000000e+02 1.837161785368399011e-16
6.890000000000000000e+02 1.832025777068701228e-16
6.900000000000000000e+02 1.793174163074089774e-16
6.910000000000000000e+02 1.854271287456689435e-16
6.920000000000000000e+02 1.800154560452866697e-16
6.930000000000000000e+02 1.823709672075272720e-16
6.940000000000000000e+02 1.894905254640169604e-16
6.950000000000000000e+02 1.799787486040244906e-16
6.960000000000000000e+02 1.794125971100281559e-16
6.970000000000000000e+02 1.805053878506331079e-16
6.980000000000000000e+02 1.908457636333913535e-16
6.990000000000000000e+02 1.830089330592961791e-16
7.000000000000000000e+02 1.907476820017441040e-16
7.010000000000000000e+02 1.875607710307037375e-16
7.020000000000000000e+02 1.879533290279958347e-16
7.030000000000000000e+02 1.900715688713989522e-16
7.040000000000000000e+02 1.847017726052712691e-16
7.050000000000000000e+02 1.849007468351809595e-16
7.060000000000000000e+02 1.840846112308179680e-16
7.070000000000000000e+02 1.826443972156618342e-16
7.080000000000000000e+02 1.838597564537662855e-16
7.090000000000000000e+02 1.762854692806681148e-16
7.100000000000000000e+02 1.800610449293745605e-16
7.110000000000000000e+02 1.847673067541475048e-16
7.120000000000000000e+02 1.884724920298376962e-16
7.130000000000000000e+02 1.934987167951258345e-16
7.140000000000000000e+02 1.879701408595640676e-16
7.150000000000000000e+02 1.819598262575683899e-16
7.160000000000000000e+02 1.801428480350723560e-16
7.170000000000000000e+02 1.707807083865907697e-16
7.180000000000000000e+02 1.739303613294218081e-16
7.190000000000000000e+02 1.755875593854943203e-16
7.200000000000000000e+02 1.646207681490054914e-16
7.210000000000000000e+02 1.753536814031173420e-16
7.220000000000000000e+02 1.734694138099374481e-16
7.230000000000000000e+02 1.746426489031300603e-16
7.240000000000000000e+02 1.740871967799087803e-16
7.250000000000000000e+02 1.758827361671000478e-16
7.260000000000000000e+02 1.727152258049918989e-16
7.270000000000000000e+02 1.698005932025760981e-16
7.280000000000000000e+02 1.766594101254320669e-16
7.290000000000000000e+02 1.752488028298247970e-16
7.300000000000000000e+02 1.795260159606741527e-16
7.310000000000000000e+02 1.870708894982154520e-16
7.320000000000000000e+02 1.797816315704438655e-16
7.330000000000000000e+02 1.837704521175993002e-16
7.340000000000000000e+02 1.790297364683532674e-16
7.350000000000000000e+02 1.772260205097297455e-16
7.360000000000000000e+02 1.844331729079682099e-16
7.370000000000000000e+02 1.854981588309634256e-16
7.380000000000000000e+02 1.815380338488296741e-16
7.390000000000000000e+02 1.847495370788110196e-16
7.400000000000000000e+02 1.744413842423773976e-16
7.410000000000000000e+02 1.799443143231873283e-16
7.420000000000000000e+02 1.745295836596046498e-16
7.430000000000000000e+02 1.863633828106934517e-16
7.440000000000000000e+02 1.802942794119952943e-16
7.450000000000000000e+02 1.796473587940709743e-16
7.460000000000000000e+02 1.815789463247523377e-16
7.470000000000000000e+02 1.757228324451199393e-16
7.480000000000000000e+02 1.885114641388874112e-16
7.490000000000000000e+02 1.851739873015116570e-16
7.500000000000000000e+02 1.930385754506218651e-16
7.510000000000000000e+02 1.852792280642151031e-16
7.520000000000000000e+02 1.803696061363952853e-16
7.530000000000000000e+02 1.893030962880959165e-16
7.540000000000000000e+02 1.855377556982058860e-16
7.550000000000000000e+02 1.810991706171810333e-16
7.560000000000000000e+02 1.848960858271255616e-16
7.570000000000000000e+02 1.802239308832989746e-16
7.580000000000000000e+02 1.722317272992226967e-16
7.590000000000000000e+02 1.759909679751610227e-16
7.600000000000000000e+02 1.767836491606516455e-16
7.610000000000000000e+02 1.721707177965106908e-16
7.620000000000000000e+02 1.803033840111265658e-16
7.630000000000000000e+02 1.840739100888380268e-16
7.640000000000000000e+02 1.835141309547225777e-16
7.650000000000000000e+02 1.923449126560993656e-16
7.660000000000000000e+02 1.855494782888961309e-16
7.670000000000000000e+02 1.789600374424752976e-16
7.680000000000000000e+02 1.722176684319684745e-16
7.690000000000000000e+02 1.891436897009880464e-16
7.700000000000000000e+02 1.776321770164854245e-16
7.710000000000000000e+02 1.865075633020153013e-16
7.720000000000000000e+02 1.821079439309370227e-16
7.730000000000000000e+02 1.775591559000779908e-16
7.740000000000000000e+02 1.940461892338380382e-16
7.750000000000000000e+02 1.873760109493176571e-16
7.760000000000000000e+02 2.042636796202376942e-16
7.770000000000000000e+02 1.905117354036082542e-16
7.780000000000000000e+02 1.983788232264585525e-16
7.790000000000000000e+02 1.977018223059622118e-16
7.800000000000000000e+02 1.968364001832274573e-16
7.810000000000000000e+02 1.918597601965494469e-16
7.820000000000000000e+02 1.866221677870434265e-16
7.830000000000000000e+02 1.827234716433444182e-16
7.840000000000000000e+02 1.769618435603581179e-16
7.850000000000000000e+02 1.831575467054163034e-16
7.860000000000000000e+02 1.733804383837340402e-16
7.870000000000000000e+02 1.845370570600845664e-16
7.880000000000000000e+02 1.879358605970659017e-16
7.890000000000000000e+02 1.820896893593310761e-16
7.900000000000000000e+02 1.900735120686175856e-16
7.910000000000000000e+02 1.903175492766482999e-16
7.920000000000000000e+02 1.830105027628394291e-16
7.930000000000000000e+02 1.792256196585853441e-16
7.940000000000000000e+02 1.903307024256950961e-16
7.950000000000000000e+02 1.804599112192006456e-16
7.960000000000000000e+02 1.877707036834751515e-16
7.970000000000000000e+02 1.846535512828416890e-16
7.980000000000000000e+02 1.790847428536749175e-16
7.990000000000000000e+02 1.772621404155168075e-16
8.000000000000000000e+02 1.769952350378505439e-16
8.010000000000000000e+02 1.819959086363675164e-16
8.020000000000000000e+02 1.893431978938928955e-16
8.030000000000000000e+02 1.905451215015497722e-16
8.040000000000000000e+02 1.826082182382561178e-16
8.050000000000000000e+02 1.812713116974677610e-16
8.060000000000000000e+02 1.889596086300802142e-16
8.070000000000000000e+02 1.808168222227037589e-16
8.080000000000000000e+02 1.864408799265030055e-16
8.090000000000000000e+02 1.869578771315863747e-16
8.100000000000000000e+02 1.935055034852983728e-16
8.110000000000000000e+02 1.927302815255257951e-16
8.120000000000000000e+02 1.917226015640250035e-16
8.130000000000000000e+02 1.836122769630132102e-16
8.140000000000000000e+02 1.826012512767680430e-16
8.150000000000000000e+02 1.827396417428570743e-16
8.160000000000000000e+02 1.812411988109210838e-16
8.170000000000000000e+02 1.799139793321835115e-16
8.180000000000000000e+02 1.775480614575682613e-16
8.190000000000000000e+02 1.778685964391927331e-16
8.200000000000000000e+02 1.702521903595379817e-16
8.210000000000000000e+02 1.761550547644926911e-16
8.220000000000000000e+02 1.718003838652518200e-16
8.230000000000000000e+02 1.749213558274543158e-16
8.240000000000000000e+02 1.752354544029691804e-16
8.250000000000000000e+02 1.807623429137773403e-16
8.260000000000000000e+02 1.786221627498687449e-16
8.270000000000000000e+02 1.797087987555841094e-16
8.280000000000000000e+02 1.827016846631448889e-16
8.290000000000000000e+02 1.950721614491118086e-16
8.300000000000000000e+02 1.801902267146792400e-16
8.310000000000000000e+02 1.856323999987063990e-16
8.320000000000000000e+02 1.920393517571682449e-16
8.330000000000000000e+02 1.840821589407261613e-16
8.340000000000000000e+02 1.917054765939971837e-16
8.350000000000000000e+02 1.853350367962361843e-16
8.360000000000000000e+02 1.919675352945362729e-16
8.370000000000000000e+02 1.907302543312488853e-16
8.380000000000000000e+02 1.898339172038906610e-16
8.390000000000000000e+02 1.896585124000190598e-16
8.400000000000000000e+02 1.807759642802043973e-16
8.410000000000000000e+02 1.901510078522537178e-16
8.420000000000000000e+02 1.801464929912775935e-16
8.430000000000000000e+02 1.826659663634361567e-16
8.440000000000000000e+02 1.897208202212788411e-16
8.450000000000000000e+02 1.831826399723280103e-16
8.460000000000000000e+02 1.980668241243758205e-16
8.470000000000000000e+02 1.920974692287505304e-16
8.480000000000000000e+02 1.897292561656704875e-16
8.490000000000000000e+02 1.959409774713268599e-16
8.500000000000000000e+02 1.901477704991250404e-16
8.510000000000000000e+02 1.900648754844665851e-16
8.520000000000000000e+02 1.964691124871120862e-16
8.530000000000000000e+02 1.831506006401223092e-16
8.540000000000000000e+02 1.860431453932951215e-16
8.550000000000000000e+02 1.902235101229136470e-16
8.560000000000000000e+02 1.842728941537088188e-16
8.570000000000000000e+02 1.795479597208716772e-16
8.580000000000000000e+02 1.795038408950275382e-16
8.590000000000000000e+02 1.799933412783585950e-16
8.600000000000000000e+02 1.723072442863936754e-16
8.610000000000000000e+02 1.808034309143122452e-16
8.620000000000000000e+02 1.789763182627648182e-16
8.630000000000000000e+02 1.798254540285159318e-16
8.640000000000000000e+02 1.798293336273603577e-16
8.650000000000000000e+02 1.828258581196048926e-16
8.660000000000000000e+02 1.930385754506218651e-16
8.670000000000000000e+02 1.972136168260335729e-16
8.680000000000000000e+02 2.089199505922286815e-16
8.690000000000000000e+02 1.954689498590519450e-16
8.700000000000000000e+02 1.946659210320431411e-16
8.710000000000000000e+02 1.890670833888085626e-16
8.720000000000000000e+02 1.930885284212856214e-16
8.730000000000000000e+02 1.791816504990754484e-16
8.740000000000000000e+02 1.818986954003146605e-16
8.750000000000000000e+02 2.016737985453992732e-16
8.760000000000000000e+02 2.026565021288721654e-16
8.770000000000000000e+02 1.990176449303617580e-16
8.780000000000000000e+02 2.093845866058654588e-16
8.790000000000000000e+02 1.961285497552494786e-16
8.800000000000000000e+02 2.038968895812388711e-16
8.810000000000000000e+02 2.012737462972483365e-16
8.820000000000000000e+02 1.976659079047887264e-16
8.830000000000000000e+02 1.954924628498125763e-16
8.840000000000000000e+02 1.986312514332137900e-16
8.850000000000000000e+02 2.008156846392131980e-16
8.860000000000000000e+02 2.085125447590398681e-16
8.870000000000000000e+02 1.973592279629598420e-16
8.880000000000000000e+02 1.857298685608041972e-16
8.890000000000000000e+02 1.817910461341447573e-16
8.900000000000000000e+02 1.855866317960664193e-16
8.910000000000000000e+02 1.841178253971389268e-16
8.920000000000000000e+02 1.862301092946608286e-16
8.930000000000000000e+02 1.869789486941374314e-16
8.940000000000000000e+02 1.957089853280946602e-16
8.950000000000000000e+02 2.067897782058727077e-16
8.960000000000000000e+02 1.995760932125049325e-16
8.970000000000000000e+02 1.979969866564456306e-16
8.980000000000000000e+02 1.821512067189904214e-16
8.990000000000000000e+02 1.983037150379897509e-16
9.000000000000000000e+02 2.007110249919015779e-16
9.010000000000000000e+02 1.843688555364613928e-16
9.020000000000000000e+02 1.926459414441278719e-16
9.030000000000000000e+02 1.925709414729302128e-16
9.040000000000000000e+02 1.913028130123112776e-16
9.050000000000000000e+02 1.924645704085190312e-16
9.060000000000000000e+02 1.796210862268483125e-16
9.070000000000000000e+02 1.852047902615292882e-16
9.080000000000000000e+02 1.906925965189272672e-16
9.090000000000000000e+02 1.889543961788907626e-16
9.100000000000000000e+02 1.901406481282213391e-16
9.110000000000000000e+02 1.865638844759707042e-16
9.120000000000000000e+02 1.876187446616252232e-16
9.130000000000000000e+02 1.932720743067592463e-16
9.140000000000000000e+02 1.830537764302273256e-16
9.150000000000000000e+02 1.896496405247996282e-16
9.160000000000000000e+02 1.959621302006619758e-16
9.170000000000000000e+02 1.925020947680767572e-16
9.180000000000000000e+02 1.926896069535321169e-16
9.190000000000000000e+02 1.979457844966357810e-16
9.200000000000000000e+02 1.805433520620610916e-16
9.210000000000000000e+02 1.896496405247996282e-16
9.220000000000000000e+02 1.978628379162119686e-16
9.230000000000000000e+02 1.855282443728339850e-16
9.240000000000000000e+02 1.879393544131431710e-16
9.250000000000000000e+02 1.761622766638493448e-16
9.260000000000000000e+02 1.714397828184009466e-16
9.270000000000000000e+02 1.788120663140361669e-16
9.280000000000000000e+02 1.806835458687398878e-16
9.290000000000000000e+02 1.799114701941450342e-16
9.300000000000000000e+02 1.960984163099591832e-16
9.310000000000000000e+02 1.880103084986586760e-16
9.320000000000000000e+02 1.849433563192761779e-16
9.330000000000000000e+02 1.838930112326409595e-16
9.340000000000000000e+02 1.854733788380223003e-16
9.350000000000000000e+02 1.907425184135267728e-16
9.360000000000000000e+02 1.912528227906448415e-16
9.370000000000000000e+02 1.789212785441006210e-16
9.380000000000000000e+02 1.841693066586998317e-16
9.390000000000000000e+02 1.922597631601069584e-16
9.400000000000000000e+02 1.972346330692654301e-16
9.410000000000000000e+02 1.889498351661448290e-16
9.420000000000000000e+02 1.867406577153016702e-16
9.430000000000000000e+02 1.912599037450286906e-16
9.440000000000000000e+02 1.887133804641416684e-16
9.450000000000000000e+02 1.957559508222469180e-16
9.460000000000000000e+02 1.924645704085190312e-16
9.470000000000000000e+02 1.952017107222544301e-16
9.480000000000000000e+02 1.947165103279444410e-16
9.490000000000000000e+02 1.893449318258096766e-16
9.500000000000000000e+02 1.904615375488208628e-16
9.510000000000000000e+02 1.876904759044098853e-16
9.520000000000000000e+02 1.803379772957479688e-16
9.530000000000000000e+02 1.855943711738996497e-16
9.540000000000000000e+02 1.851473906962260662e-16
9.550000000000000000e+02 1.862257019299826985e-16
9.560000000000000000e+02 1.812984769269723857e-16
9.570000000000000000e+02 1.817874341523018894e-16
9.580000000000000000e+02 1.932202572560167753e-16
9.590000000000000000e+02 1.897260116160635635e-16
9.600000000000000000e+02 1.920376421535079502e-16
9.610000000000000000e+02 2.012029822854325711e-16
9.620000000000000000e+02 1.948886262819199977e-16
9.630000000000000000e+02 1.911087864811829457e-16
9.640000000000000000e+02 1.866292045401091621e-16
9.650000000000000000e+02 1.808760498456653434e-16
9.660000000000000000e+02 1.807323722939713456e-16
9.670000000000000000e+02 1.782615483391006252e-16
9.680000000000000000e+02 1.737001586026562528e-16
9.690000000000000000e+02 1.671471567639465368e-16
9.700000000000000000e+02 1.743886785093205849e-16
9.710000000000000000e+02 1.709490761454563719e-16
9.720000000000000000e+02 1.746471135949838919e-16
9.730000000000000000e+02 1.818370926134977753e-16
9.740000000000000000e+02 1.868296405895528669e-16
9.750000000000000000e+02 1.873085412655963934e-16
9.760000000000000000e+02 1.816078733407815066e-16
9.770000000000000000e+02 1.795623588561240251e-16
9.780000000000000000e+02 1.880539592447510980e-16
9.790000000000000000e+02 1.848392564697328642e-16
9.800000000000000000e+02 1.970631083693776688e-16
9.810000000000000000e+02 1.911291856993498793e-16
9.820000000000000000e+02 1.990331098104714432e-16
9.830000000000000000e+02 2.036284173871835046e-16
9.840000000000000000e+02 1.983864772851205248e-16
9.850000000000000000e+02 2.015345629366575457e-16
9.860000000000000000e+02 1.907612357558164508e-16
9.870000000000000000e+02 1.971470159150791468e-16
9.880000000000000000e+02 1.996712769322256614e-16
9.890000000000000000e+02 2.050519377784308184e-16
9.900000000000000000e+02 1.983004038296417098e-16
9.910000000000000000e+02 1.936549624119542681e-16
9.920000000000000000e+02 1.972402508935730747e-16
9.930000000000000000e+02 1.989450470318472543e-16
9.940000000000000000e+02 1.898200810385892278e-16
9.950000000000000000e+02 1.887899129226122846e-16
9.960000000000000000e+02 1.884062862895539708e-16
9.970000000000000000e+02 1.830053451149246978e-16
9.980000000000000000e+02 1.934749615047784660e-16
9.990000000000000000e+02 1.915512829688568584e-16
1.000000000000000000e+03 1.908010308974035816e-16
1.001000000000000000e+03 1.842762347163190326e-16
1.002000000000000000e+03 1.921536469807538159e-16
1.003000000000000000e+03 1.865040426639218796e-16
1.004000000000000000e+03 1.878100399314865248e-16
1.005000000000000000e+03 2.086667918632098894e-16
1.006000000000000000e+03 1.988641681807136021e-16
1.007000000000000000e+03 2.031562728122868472e-16
1.008000000000000000e+03 2.013642553363206956e-16
1.009000000000000000e+03 1.973793970321634513e-16
1.010000000000000000e+03 2.002041254277302691e-16
1.011000000000000000e+03 1.993275381058463352e-16
1.012000000000000000e+03 1.939835782665461950e-16
1.013000000000000000e+03 1.941018029800029621e-16
1.014000000000000000e+03 1.904753271186006608e-16
1.015000000000000000e+03 1.856609165055023108e-16
1.016000000000000000e+03 1.988625172494115851e-16
1.017000000000000000e+03 2.029576041195559289e-16
1.018000000000000000e+03 1.957758658213727752e-16
1.019000000000000000e+03 1.995497709119517044e-16
1.020000000000000000e+03 1.953166767655475890e-16
1.021000000000000000e+03 1.913988948629602331e-16
1.022000000000000000e+03 1.911912288866111177e-16
1.023000000000000000e+03 1.954471138347926400e-16
1.024000000000000000e+03 2.047533143554962463e-16
1.025000000000000000e+03 2.096218043883460108e-16
1.026000000000000000e+03 2.169119735863754059e-16
1.027000000000000000e+03 1.970529037750116357e-16
1.028000000000000000e+03 2.042530310870433386e-16
1.029000000000000000e+03 1.958984556709555557e-16
1.030000000000000000e+03 2.005492266419915324e-16
1.031000000000000000e+03 2.021130632703121085e-16
1.032000000000000000e+03 1.975961364287521850e-16
1.033000000000000000e+03 1.939564969938857411e-16
1.034000000000000000e+03 1.995695129628469742e-16
1.035000000000000000e+03 1.914698529374017376e-16
1.036000000000000000e+03 2.077901576611148474e-16
1.037000000000000000e+03 1.993752978955563357e-16
1.038000000000000000e+03 1.963821986608583693e-16
1.039000000000000000e+03 1.928945960682932864e-16
1.040000000000000000e+03 1.971230757162836557e-16
1.041000000000000000e+03 1.931388934385005919e-16
1.042000000000000000e+03 1.965593284760187031e-16
1.043000000000000000e+03 1.999021607244674071e-16
1.044000000000000000e+03 1.903822281397820133e-16
1.045000000000000000e+03 1.849735320985881591e-16
1.046000000000000000e+03 1.838501583186077316e-16
1.047000000000000000e+03 1.869209961813336580e-16
1.048000000000000000e+03 1.956752219163951348e-16
1.049000000000000000e+03 1.902442199823631068e-16
1.050000000000000000e+03 1.881202889805944805e-16
1.051000000000000000e+03 1.825778763026649343e-16
1.052000000000000000e+03 1.917440056257580503e-16
1.053000000000000000e+03 1.961151576845103049e-16
1.054000000000000000e+03 1.905599818184920568e-16
1.055000000000000000e+03 1.963654800532073114e-16
1.056000000000000000e+03 1.908371619984931958e-16
1.057000000000000000e+03 2.012290883334369053e-16
1.058000000000000000e+03 1.963159428211975552e-16
1.059000000000000000e+03 1.988581834895325974e-16
1.060000000000000000e+03 2.094331881784323112e-16
1.061000000000000000e+03 2.121278197985572244e-16
1.062000000000000000e+03 2.118674533524258078e-16
1.063000000000000000e+03 2.087438726736210955e-16
1.064000000000000000e+03 1.959453757515980038e-16
1.065000000000000000e+03 1.904175766306196068e-16
1.066000000000000000e+03 1.946391455430508606e-16
1.067000000000000000e+03 2.006488574968316882e-16
1.068000000000000000e+03 1.992220966748453331e-16
1.069000000000000000e+03 2.029695337686933981e-16
1.070000000000000000e+03 1.960674409985845974e-16
1.071000000000000000e+03 1.926026921845607509e-16
1.072000000000000000e+03 1.945986590686016583e-16
1.073000000000000000e+03 2.063789627035243163e-16
1.074000000000000000e+03 1.971014229456437249e-16
1.075000000000000000e+03 1.996385947668494550e-16
1.076000000000000000e+03 2.035004009823700930e-16
1.077000000000000000e+03 1.997832601364027959e-16
1.078000000000000000e+03 2.015141987928809041e-16
1.079000000000000000e+03 1.989499977301025011e-16
1.080000000000000000e+03 2.030756565634547993e-16
1.081000000000000000e+03 1.935699651743903142e-16
1.082000000000000000e+03 1.982728772699339332e-16
1.083000000000000000e+03 2.007077534985394651e-16
1.084000000000000000e+03 2.025187527197572600e-16
1.085000000000000000e+03 1.976252108706681164e-16
1.086000000000000000e+03 2.004237481999638508e-16
1.087000000000000000e+03 1.944062331710335594e-16
1.088000000000000000e+03 1.973367692544095528e-16
1.089000000000000000e+03 2.017651451205058095e-16
1.090000000000000000e+03 1.962551015230970166e-16
1.091000000000000000e+03 2.046330209960346452e-16
1.092000000000000000e+03 2.014685756413817154e-16
1.093000000000000000e+03 2.018220886466859316e-16
1.094000000000000000e+03 1.905117354036082542e-16
1.095000000000000000e+03 1.916917755164643905e-16
1.096000000000000000e+03 1.912805013946094033e-16
1.097000000000000000e+03 2.029495158229682560e-16
1.098000000000000000e+03 2.043295676323396388e-16
1.099000000000000000e+03 2.068161711968740393e-16
1.100000000000000000e+03 2.061404021748715789e-16
1.101000000000000000e+03 2.000294025099672105e-16
1.102000000000000000e+03 2.065284447078361038e-16
1.103000000000000000e+03 2.015534997438574333e-16
1.104000000000000000e+03 1.974908095960429500e-16
1.105000000000000000e+03 1.927651994404547733e-16
1.106000000000000000e+03 1.991611128821090742e-16
1.107000000000000000e+03 1.953126845639579947e-16
1.108000000000000000e+03 1.987386583158279389e-16
1.109000000000000000e+03 1.931371935677171771e-16
1.110000000000000000e+03 1.987120185615153783e-16
1.111000000000000000e+03 1.934452632895660313e-16
1.112000000000000000e+03 1.836516100640124804e-16
1.113000000000000000e+03 1.804762841266226618e-16
1.114000000000000000e+03 1.776626706212854749e-16
1.115000000000000000e+03 1.762517104945445359e-16
1.116000000000000000e+03 1.973145159759664314e-16
1.117000000000000000e+03 1.896782021526382013e-16
1.118000000000000000e+03 1.878425953718605136e-16
1.119000000000000000e+03 1.928650212705076475e-16
1.120000000000000000e+03 1.955342334209581007e-16
1.121000000000000000e+03 2.094706115415343877e-16
1.122000000000000000e+03 1.973078603023493433e-16
1.123000000000000000e+03 1.996287274013300757e-16
1.124000000000000000e+03 1.937905416204455959e-16
1.125000000000000000e+03 1.857632303967666596e-16
1.126000000000000000e+03 2.011148493549946527e-16
1.127000000000000000e+03 1.973234591838766909e-16
1.128000000000000000e+03 1.981163378531057488e-16
1.129000000000000000e+03 2.071514460522282664e-16
1.130000000000000000e+03 1.971214102029839480e-16
1.131000000000000000e+03 1.919795065706270232e-16
1.132000000000000000e+03 1.817693731664694148e-16
1.133000000000000000e+03 1.909160674647440777e-16
1.134000000000000000e+03 1.925641218452497524e-16
1.135000000000000000e+03 1.907758641240566367e-16
1.136000000000000000e+03 1.872158403512899154e-16
1.137000000000000000e+03 1.868735671214289214e-16
1.138000000000000000e+03 1.860846111438141122e-16
1.139000000000000000e+03 1.866668026931652321e-16
1.140000000000000000e+03 1.989483475110391077e-16
1.141000000000000000e+03 1.934683858643740593e-16
1.142000000000000000e+03 1.953597453308888208e-16
1.143000000000000000e+03 1.904141282862399081e-16
1.144000000000000000e+03 1.850371957181709635e-16
1.145000000000000000e+03 1.895119650737989367e-16
1.146000000000000000e+03 1.850817693954208417e-16
1.147000000000000000e+03 1.906805444482682174e-16
1.148000000000000000e+03 1.813383119023714643e-16
1.149000000000000000e+03 1.798530658218275938e-16
1.150000000000000000e+03 1.849664323581144200e-16
1.151000000000000000e+03 1.887612168869870248e-16
1.152000000000000000e+03 1.957666422841688269e-16
1.153000000000000000e+03 1.885637046062308345e-16
1.154000000000000000e+03 1.848321515714870682e-16
1.155000000000000000e+03 1.806206198078642256e-16
1.156000000000000000e+03 1.870298618359354149e-16
1.157000000000000000e+03 1.976785721088996992e-16
1.158000000000000000e+03 1.942979098562430210e-16
1.159000000000000000e+03 1.890725097862825435e-16
1.160000000000000000e+03 1.912204187150556092e-16
1.161000000000000000e+03 1.827791626303982263e-16
1.162000000000000000e+03 1.958898664037087718e-16
1.163000000000000000e+03 1.899577492180270290e-16
1.164000000000000000e+03 1.816313731490556520e-16
1.165000000000000000e+03 1.920632846105631692e-16
1.166000000000000000e+03 1.890065142220448749e-16
1.167000000000000000e+03 1.935021101699657553e-16
1.168000000000000000e+03 1.870210846968756925e-16
1.169000000000000000e+03 1.858904364585102300e-16
1.170000000000000000e+03 1.826012512767680430e-16
1.171000000000000000e+03 1.816392810546165683e-16
1.172000000000000000e+03 1.834926615068066309e-16
1.173000000000000000e+03 1.964440451374234938e-16
1.174000000000000000e+03 2.007110249919015779e-16
1.175000000000000000e+03 1.946127881180033578e-16
1.176000000000000000e+03 1.795038408950275382e-16
1.177000000000000000e+03 1.943724545995592090e-16
1.178000000000000000e+03 1.923935525909571245e-16
1.179000000000000000e+03 1.840703429032617640e-16
1.180000000000000000e+03 1.895665276844084155e-16
1.181000000000000000e+03 1.894149260691818450e-16
1.182000000000000000e+03 1.765764580673067302e-16
1.183000000000000000e+03 1.808485942406599232e-16
1.184000000000000000e+03 1.857985741498969798e-16
1.185000000000000000e+03 1.888342527639266561e-16
1.186000000000000000e+03 1.942085451824887660e-16
1.187000000000000000e+03 1.994047303434294436e-16
1.188000000000000000e+03 1.962433910678235101e-16
1.189000000000000000e+03 1.934972321749202758e-16
1.190000000000000000e+03 1.886611814421955833e-16
1.191000000000000000e+03 1.886368169554401965e-16
1.192000000000000000e+03 1.931949807836404755e-16
1.193000000000000000e+03 1.944096107053854525e-16
1.194000000000000000e+03 1.980367783808446977e-16
1.195000000000000000e+03 1.928162874301783140e-16
1.196000000000000000e+03 1.900240623152307432e-16
1.197000000000000000e+03 1.943291672241852579e-16
1.198000000000000000e+03 1.970828912817835133e-16
1.199000000000000000e+03 2.021634129781713335e-16
1.200000000000000000e+03 1.789625599200424003e-16
1.201000000000000000e+03 1.887968688804611291e-16
1.202000000000000000e+03 1.891593109752076518e-16
1.203000000000000000e+03 1.848925345040262327e-16
1.204000000000000000e+03 1.958764580141928369e-16
1.205000000000000000e+03 1.817993985672997410e-16
1.206000000000000000e+03 1.810808143521981504e-16
1.207000000000000000e+03 1.866210682704092449e-16
1.208000000000000000e+03 1.896989715445832864e-16
1.209000000000000000e+03 1.790533454452858103e-16
1.210000000000000000e+03 1.849220528044808891e-16
1.211000000000000000e+03 1.809776673960375105e-16
1.212000000000000000e+03 1.857287637617473600e-16
1.213000000000000000e+03 1.867646103621889776e-16
1.214000000000000000e+03 1.855335530796785413e-16
1.215000000000000000e+03 1.878205282062488686e-16
1.216000000000000000e+03 1.958951038065936033e-16
1.217000000000000000e+03 1.928358675709873479e-16
1.218000000000000000e+03 1.894316081857827533e-16
1.219000000000000000e+03 1.866626254945853727e-16
1.220000000000000000e+03 1.954672702514820749e-16
1.221000000000000000e+03 1.827555858566026757e-16
1.222000000000000000e+03 1.858553309848070806e-16
1.223000000000000000e+03 1.734663382935779782e-16
1.224000000000000000e+03 1.823007447112010430e-16
1.225000000000000000e+03 1.849102904374680936e-16
1.226000000000000000e+03 1.864848980310051826e-16
1.227000000000000000e+03 1.827816324021431220e-16
1.228000000000000000e+03 1.733236216766109366e-16
1.229000000000000000e+03 1.676688187585347470e-16
1.230000000000000000e+03 1.775915107319440405e-16
1.231000000000000000e+03 1.756342976096075355e-16
1.232000000000000000e+03 1.731632507532748663e-16
1.233000000000000000e+03 1.714170405094962663e-16
1.234000000000000000e+03 1.735678015594020492e-16
1.235000000000000000e+03 1.787597309396284886e-16
1.236000000000000000e+03 1.775362728527460092e-16
1.237000000000000000e+03 1.749814062877052869e-16
1.238000000000000000e+03 1.827483999493608527e-16
1.239000000000000000e+03 1.800245747456876418e-16
1.240000000000000000e+03 1.815102261854450457e-16
1.241000000000000000e+03 1.843056290564541496e-16
1.242000000000000000e+03 1.727142753658539363e-16
1.243000000000000000e+03 1.720498265325954041e-16
1.244000000000000000e+03 1.817181153459215385e-16
1.245000000000000000e+03 1.693494881116514866e-16
1.246000000000000000e+03 1.707376891526178295e-16
1.247000000000000000e+03 1.763934539792047066e-16
1.248000000000000000e+03 1.780060553664626984e-16
1.249000000000000000e+03 1.760338690588563908e-16
1.250000000000000000e+03 1.708229960648963138e-16
1.251000000000000000e+03 1.714713776508833320e-16
1.252000000000000000e+03 1.703957935810040647e-16
1.253000000000000000e+03 1.780198876330616822e-16
1.254000000000000000e+03 1.742132701816294822e-16
1.255000000000000000e+03 1.809765335864408016e-16
1.256000000000000000e+03 1.922802537017151988e-16
1.257000000000000000e+03 1.870368832506241736e-16
1.258000000000000000e+03 1.880886543598250636e-16
1.259000000000000000e+03 1.844053567286873505e-16
1.260000000000000000e+03 1.815463979223602894e-16
1.261000000000000000e+03 1.837697821711144874e-16
1.262000000000000000e+03 1.880225317290542087e-16
1.263000000000000000e+03 1.759760434074966116e-16
1.264000000000000000e+03 1.788735637553948569e-16
1.265000000000000000e+03 1.860104956401389051e-16
1.266000000000000000e+03 1.858111637378295214e-16
1.267000000000000000e+03 1.903979633394459398e-16
1.268000000000000000e+03 2.006725815765222427e-16
1.269000000000000000e+03 2.082715020073378321e-16
1.270000000000000000e+03 1.983548248037147693e-16
1.271000000000000000e+03 1.955025389801705888e-16
1.272000000000000000e+03 1.967627889224451735e-16
1.273000000000000000e+03 1.774176497905412686e-16
1.274000000000000000e+03 1.831631481791027704e-16
1.275000000000000000e+03 1.859065518454807038e-16
1.276000000000000000e+03 1.843688555364613928e-16
1.277000000000000000e+03 1.778732108773970651e-16
1.278000000000000000e+03 1.773556475169006856e-16
1.279000000000000000e+03 1.799103296652865777e-16
1.280000000000000000e+03 1.762712680964097049e-16
1.281000000000000000e+03 1.734391294276158125e-16
1.282000000000000000e+03 1.775258704925141157e-16
1.283000000000000000e+03 1.757445505370315726e-16
1.284000000000000000e+03 1.806596956092352722e-16
1.285000000000000000e+03 1.872804947667844829e-16
1.286000000000000000e+03 1.914244084981134416e-16
1.287000000000000000e+03 1.884487564621757638e-16
1.288000000000000000e+03 1.834521758174131399e-16
1.289000000000000000e+03 1.884568138248802710e-16
1.290000000000000000e+03 1.828139608821368870e-16
1.291000000000000000e+03 1.806306167477360293e-16
1.292000000000000000e+03 1.804853795445120770e-16
1.293000000000000000e+03 1.814288134099243942e-16
1.294000000000000000e+03 1.791010123378681116e-16
1.295000000000000000e+03 1.821764386007948329e-16
1.296000000000000000e+03 1.734057631656859106e-16
1.297000000000000000e+03 1.832480455464545017e-16
1.298000000000000000e+03 1.774518805669293956e-16
1.299000000000000000e+03 1.891020266609340008e-16
1.300000000000000000e+03 1.761995462766098229e-16
1.301000000000000000e+03 1.868171196366911676e-16
1.302000000000000000e+03 1.961084613061910569e-16
1.303000000000000000e+03 1.822671994224099615e-16
1.304000000000000000e+03 2.000788407827340453e-16
1.305000000000000000e+03 1.894218590752717961e-16
1.306000000000000000e+03 1.880999998012089892e-16
1.307000000000000000e+03 1.862715334253065154e-16
1.308000000000000000e+03 1.925163776873609306e-16
1.309000000000000000e+03 1.953681478463745704e-16
1.310000000000000000e+03 1.902166063353662942e-16
1.311000000000000000e+03 1.809801617521472693e-16
1.312000000000000000e+03 1.966177796923650615e-16
1.313000000000000000e+03 2.074739157916130753e-16
1.314000000000000000e+03 1.939842129385307645e-16
1.315000000000000000e+03 1.982761889379749635e-16
1.316000000000000000e+03 1.957861369764091814e-16
1.317000000000000000e+03 1.884167413740858068e-16
1.318000000000000000e+03 1.864054378006360879e-16
1.319000000000000000e+03 1.901311512186512444e-16
1.320000000000000000e+03 1.966695362623018752e-16
1.321000000000000000e+03 1.942877712515560573e-16
1.322000000000000000e+03 1.871825181719215519e-16
1.323000000000000000e+03 2.006202212506951626e-16
1.324000000000000000e+03 1.975620723548934947e-16
1.325000000000000000e+03 1.923758473715843559e-16
1.326000000000000000e+03 1.928326752923773477e-16
1.327000000000000000e+03 1.794693154949858230e-16
1.328000000000000000e+03 1.875607710307037375e-16
1.329000000000000000e+03 1.917191766923920249e-16
1.330000000000000000e+03 1.825542735328640123e-16
1.331000000000000000e+03 1.856854504594222835e-16
1.332000000000000000e+03 1.894160093681108610e-16
1.333000000000000000e+03 1.888136056038449909e-16
1.334000000000000000e+03 1.954905735175519951e-16
1.335000000000000000e+03 1.931966801459741449e-16
1.336000000000000000e+03 1.977680288698202228e-16
1.337000000000000000e+03 1.948041673191134738e-16
1.338000000000000000e+03 1.917724693263123996e-16
1.339000000000000000e+03 1.851154697257840515e-16
1.340000000000000000e+03 1.774622872642510244e-16
1.341000000000000000e+03 1.897716465158243570e-16
1.342000000000000000e+03 1.769841052453473712e-16
1.343000000000000000e+03 1.836035599649376872e-16
1.344000000000000000e+03 1.775110749746276477e-16
1.345000000000000000e+03 1.817759204811840378e-16
1.346000000000000000e+03 1.857181573564071005e-16
1.347000000000000000e+03 1.955443073989357821e-16
1.348000000000000000e+03 1.870349085043849847e-16
1.349000000000000000e+03 1.850143503191681460e-16
1.350000000000000000e+03 1.836768592627231601e-16
1.351000000000000000e+03 1.834783471458539643e-16
1.352000000000000000e+03 1.840964263524846439e-16
1.353000000000000000e+03 1.921419001399514733e-16
1.354000000000000000e+03 1.931116937103873121e-16
1.355000000000000000e+03 1.978877255409657906e-16
1.356000000000000000e+03 1.967246170029861755e-16
1.357000000000000000e+03 1.851365293171066278e-16
1.358000000000000000e+03 1.753525112294641225e-16
1.359000000000000000e+03 1.719570140758654069e-16
1.360000000000000000e+03 1.785401226144149468e-16
1.361000000000000000e+03 1.796619783848621797e-16
1.362000000000000000e+03 1.849493474906862860e-16
1.363000000000000000e+03 1.855070080262481015e-16
1.364000000000000000e+03 1.885595694301104439e-16
1.365000000000000000e+03 1.799607341398497943e-16
1.366000000000000000e+03 1.858771898888503003e-16
1.367000000000000000e+03 1.802712882528120411e-16
1.368000000000000000e+03 1.779027404476643310e-16
1.369000000000000000e+03 1.742493080447227757e-16
1.370000000000000000e+03 1.750179894336528922e-16
1.371000000000000000e+03 1.714572564377532395e-16
1.372000000000000000e+03 1.693909217286852436e-16
1.373000000000000000e+03 1.722774702475773124e-16
1.374000000000000000e+03 1.779027404476643310e-16
1.375000000000000000e+03 1.750001678306888676e-16
1.376000000000000000e+03 1.790994083698879391e-16
1.377000000000000000e+03 1.805963067585793311e-16
1.378000000000000000e+03 1.877446935273999572e-16
1.379000000000000000e+03 1.860566007187592057e-16
1.380000000000000000e+03 1.778909753469615260e-16
1.381000000000000000e+03 1.809431964094058914e-16
1.382000000000000000e+03 1.808324819863415229e-16
1.383000000000000000e+03 1.994724290662368553e-16
1.384000000000000000e+03 1.799844490082514462e-16
1.385000000000000000e+03 1.764176483783976974e-16
1.386000000000000000e+03 1.843209924141006147e-16
1.387000000000000000e+03 1.952992365476709461e-16
1.388000000000000000e+03 1.974243021958425746e-16
1.389000000000000000e+03 1.966200756354193135e-16
1.390000000000000000e+03 2.008263110835854039e-16
1.391000000000000000e+03 2.057288883877381809e-16
1.392000000000000000e+03 2.015404681534706376e-16
1.393000000000000000e+03 1.854634216584843158e-16
1.394000000000000000e+03 1.887457800936853734e-16
1.395000000000000000e+03 1.882057849228847297e-16
1.396000000000000000e+03 1.845950910437535275e-16
1.397000000000000000e+03 1.922194160230368804e-16
1.398000000000000000e+03 1.931439929610868471e-16
1.399000000000000000e+03 1.975406754517644471e-16
1.400000000000000000e+03 1.965459657572914517e-16
1.401000000000000000e+03 2.044677027801624880e-16
1.402000000000000000e+03 1.989638177774361292e-16
1.403000000000000000e+03 2.006065153152131945e-16
1.404000000000000000e+03 1.925641218452497524e-16
1.405000000000000000e+03 1.765123003450486846e-16
1.406000000000000000e+03 1.782557928386067646e-16
1.407000000000000000e+03 1.829145018355697749e-16
1.408000000000000000e+03 1.802250694275764919e-16
1.409000000000000000e+03 1.987293657838610237e-16
1.410000000000000000e+03 1.965858424314124784e-16
1.411000000000000000e+03 1.966225802699932970e-16
1.412000000000000000e+03 1.927541285913047013e-16
1.413000000000000000e+03 1.915703497366576070e-16
1.414000000000000000e+03 1.892406509305373910e-16
1.415000000000000000e+03 1.825203251511543987e-16
1.416000000000000000e+03 1.824904183654101501e-16
1.417000000000000000e+03 1.778390611994292759e-16
1.418000000000000000e+03 1.869620477335081883e-16
1.419000000000000000e+03 1.851633491178333157e-16
1.420000000000000000e+03 1.806560610075186089e-16
1.421000000000000000e+03 1.892337112854762756e-16
1.422000000000000000e+03 1.859559930823580498e-16
1.423000000000000000e+03 1.995462747202107717e-16
1.424000000000000000e+03 1.957861369764091814e-16
1.425000000000000000e+03 1.855412946715538593e-16
1.426000000000000000e+03 1.933875508619729482e-16
1.427000000000000000e+03 2.024415315655165670e-16
1.428000000000000000e+03 1.883383140932053531e-16
1.429000000000000000e+03 1.998982601003659563e-16
1.430000000000000000e+03 2.004608062869921137e-16
1.431000000000000000e+03 2.075261288976597471e-16
1.432000000000000000e+03 1.915238577725005856e-16
1.433000000000000000e+03 2.046506684468547419e-16
1.434000000000000000e+03 2.086825249531700462e-16
1.435000000000000000e+03 1.957928443786538588e-16
1.436000000000000000e+03 2.044458242185446610e-16
1.437000000000000000e+03 1.877951805395234890e-16
1.438000000000000000e+03 1.915206436252267201e-16
1.439000000000000000e+03 1.894556538467706220e-16
1.440000000000000000e+03 2.007862546273838574e-16
1.441000000000000000e+03 1.881359952296583070e-16
1.442000000000000000e+03 1.859716614453081445e-16
1.443000000000000000e+03 1.961821088963146714e-16
1.444000000000000000e+03 1.891894650642365454e-16
1.445000000000000000e+03 1.894738485347541720e-16
1.446000000000000000e+03 1.819598262575683899e-16
1.447000000000000000e+03 1.930264572501233776e-16
1.448000000000000000e+03 1.883017035168394015e-16
1.449000000000000000e+03 1.855342166573537539e-16
1.450000000000000000e+03 1.905106583352957660e-16
1.451000000000000000e+03 1.884550717215935077e-16
1.452000000000000000e+03 1.820592610059107859e-16
1.453000000000000000e+03 1.883964841208603553e-16
1.454000000000000000e+03 1.829396284402027494e-16
1.455000000000000000e+03 1.847815212640546064e-16
1.456000000000000000e+03 1.849280446660675726e-16
1.457000000000000000e+03 1.987700432118314637e-16
1.458000000000000000e+03 1.934342313626118140e-16
1.459000000000000000e+03 1.922409782450128759e-16
1.460000000000000000e+03 1.914964286484397621e-16
1.461000000000000000e+03 2.026354406377606216e-16
1.462000000000000000e+03 1.877044690482911676e-16
1.463000000000000000e+03 1.810846670559211800e-16
1.464000000000000000e+03 1.915669221430361132e-16
1.465000000000000000e+03 1.882790362592010030e-16
1.466000000000000000e+03 1.822635968766645909e-16
1.467000000000000000e+03 1.791104067190168975e-16
1.468000000000000000e+03 1.902726923585440182e-16
1.469000000000000000e+03 1.926016268093133439e-16
1.470000000000000000e+03 1.990430067031618886e-16
1.471000000000000000e+03 1.806490187585947047e-16
1.472000000000000000e+03 1.900966130025389745e-16
1.473000000000000000e+03 1.802778899748357099e-16
1.474000000000000000e+03 1.835237466638260161e-16
1.475000000000000000e+03 1.842853652784896959e-16
1.476000000000000000e+03 1.909094036863912992e-16
1.477000000000000000e+03 2.005230320829675718e-16
1.478000000000000000e+03 1.860846111438141122e-16
1.479000000000000000e+03 1.905993883521957791e-16
1.480000000000000000e+03 1.874822045755360240e-16
1.481000000000000000e+03 1.926587226176226044e-16
1.482000000000000000e+03 1.988548815138500857e-16
1.483000000000000000e+03 1.914829269336023299e-16
1.484000000000000000e+03 1.958129652068506735e-16
1.485000000000000000e+03 1.980342916323126387e-16
1.486000000000000000e+03 1.954655906294796001e-16
1.487000000000000000e+03 1.907646778257322921e-16
1.488000000000000000e+03 1.870743994685611442e-16
1.489000000000000000e+03 1.763867068723243751e-16
1.490000000000000000e+03 1.807841366074290263e-16
1.491000000000000000e+03 1.805988063818847579e-16
1.492000000000000000e+03 1.837052325388227312e-16
1.493000000000000000e+03 1.850513894968684743e-16
1.494000000000000000e+03 1.821077185770113887e-16
1.495000000000000000e+03 1.782099724260231099e-16
1.496000000000000000e+03 1.787597309396284886e-16
1.497000000000000000e+03 1.709603587799331848e-16
1.498000000000000000e+03 1.825623662548433302e-16
1.499000000000000000e+03 1.890082512426446441e-16
1.500000000000000000e+03 1.834405429173659472e-16
