0.000000000000000000e+00 1.009601840788711691e+01
1.000000000000000000e+00 4.518681726904230977e+00
2.000000000000000000e+00 2.125181432377154511e+00
3.000000000000000000e+00 1.104718607440312583e+00
4.000000000000000000e+00 6.929860824000799724e-01
5.000000000000000000e+00 5.142327829871632394e-01
6.000000000000000000e+00 4.071355599223641653e-01
7.000000000000000000e+00 3.300340801945103597e-01
8.000000000000000000e+00 2.637761303544707281e-01
9.000000000000000000e+00 2.145537646773778562e-01
1.000000000000000000e+01 1.767456526236727832e-01
1.100000000000000000e+01 1.455988924991894196e-01
1.200000000000000000e+01 1.213484822560066123e-01
1.300000000000000000e+01 1.017770681614572348e-01
1.400000000000000000e+01 8.594864725173863296e-02
1.500000000000000000e+01 7.296244031007807773e-02
1.600000000000000000e+01 6.172336904223871962e-02
1.700000000000000000e+01 5.236375661122195241e-02
1.800000000000000000e+01 4.458969668997792707e-02
1.900000000000000000e+01 3.808981931109378660e-02
2.000000000000000000e+01 3.263107592425873449e-02
2.100000000000000000e+01 2.803027517575045618e-02
2.200000000000000000e+01 2.413126561704648579e-02
2.300000000000000000e+01 2.084193684865572743e-02
2.400000000000000000e+01 1.804695905774387349e-02
2.500000000000000000e+01 1.568323342181058080e-02
2.600000000000000000e+01 1.366381739508177977e-02
2.700000000000000000e+01 1.190010971704301944e-02
2.800000000000000000e+01 1.038964238717611510e-02
2.900000000000000000e+01 9.090793111265786305e-03
3.000000000000000000e+01 7.970349799346255690e-03
3.100000000000000000e+01 7.001083405314974251e-03
3.200000000000000000e+01 6.160416228162775287e-03
3.300000000000000000e+01 5.429507477324845531e-03
3.400000000000000000e+01 4.792563587613901666e-03
3.500000000000000000e+01 4.236296273640190006e-03
3.600000000000000000e+01 3.749488063793823562e-03
3.700000000000000000e+01 3.322640145177819387e-03
3.800000000000000000e+01 2.947684980293234936e-03
3.900000000000000000e+01 2.617750677523633402e-03
4.000000000000000000e+01 2.326967095500613592e-03
4.100000000000000000e+01 2.070305802612007820e-03
4.200000000000000000e+01 1.843447615754613324e-03
4.300000000000000000e+01 1.642672678018555115e-03
4.400000000000000000e+01 1.464769005171840483e-03
4.500000000000000000e+01 1.306956201613768609e-03
4.600000000000000000e+01 1.166821663587186897e-03
4.700000000000000000e+01 1.042267084092116883e-03
4.800000000000000000e+01 9.314634750934711787e-04
4.900000000000000000e+01 8.328132474836272975e-04
5.000000000000000000e+01 7.449181528873280271e-04
5.100000000000000000e+01 6.665521056814553919e-04
5.200000000000000000e+01 5.966380780352361799e-04
5.300000000000000000e+01 5.342284029616154459e-04
5.400000000000000000e+01 4.784879364250715331e-04
5.500000000000000000e+01 4.286796244081012941e-04
5.600000000000000000e+01 3.841520984802818898e-04
5.700000000000000000e+01 3.443289870637988880e-04
5.800000000000000000e+01 3.086996818537996118e-04
5.900000000000000000e+01 2.768113418430709024e-04
6.000000000000000000e+01 2.482619528318240755e-04
6.100000000000000000e+01 2.226942895606889091e-04
6.200000000000000000e+01 1.997906518177449439e-04
6.300000000000000000e+01 1.792682659516089125e-04
6.400000000000000000e+01 1.608752599170966825e-04
6.500000000000000000e+01 1.443871338928808033e-04
6.600000000000000000e+01 1.296036601336511920e-04
6.700000000000000000e+01 1.163461554566738336e-04
6.800000000000000000e+01 1.044550779385148832e-04
6.900000000000000000e+01 9.378790628523688141e-05
7.000000000000000000e+01 8.421726615304170067e-05
7.100000000000000000e+01 7.562927262050856921e-05
7.200000000000000000e+01 6.792206219344705228e-05
7.300000000000000000e+01 6.100449128275366921e-05
7.400000000000000000e+01 5.479498113230450777e-05
7.500000000000000000e+01 4.922049177598192916e-05
7.600000000000000000e+01 4.421560983207244324e-05
7.700000000000000000e+01 3.972173686469667554e-05
7.800000000000000000e+01 3.568636669563733915e-05
7.900000000000000000e+01 3.206244148239946516e-05
8.000000000000000000e+01 2.880777761707485499e-05
8.100000000000000000e+01 2.588455357824135384e-05
8.200000000000000000e+01 2.325885280442544569e-05
8.300000000000000000e+01 2.090025547474493549e-05
8.400000000000000000e+01 1.878147379658635422e-05
8.500000000000000000e+01 1.687802602380635003e-05
8.600000000000000000e+01 1.516794497786382121e-05
8.700000000000000000e+01 1.363151732430234037e-05
8.800000000000000000e+01 1.225105028008647736e-05
8.900000000000000000e+01 1.101066280043226128e-05
9.000000000000000000e+01 9.896098621888462150e-06
9.100000000000000000e+01 8.894558828333088590e-06
9.200000000000000000e+01 7.994551864028591129e-06
9.300000000000000000e+01 7.185759143814030432e-06
9.400000000000000000e+01 6.458914612801924385e-06
9.500000000000000000e+01 5.805696785481649024e-06
9.600000000000000000e+01 5.218631953332442296e-06
9.700000000000000000e+01 4.691007390029228120e-06
9.800000000000000000e+01 4.216793509363450905e-06
9.900000000000000000e+01 3.790574041394419551e-06
1.000000000000000000e+02 3.407483392295073972e-06
1.010000000000000000e+02 3.063150441362478288e-06
1.020000000000000000e+02 2.753648107468037696e-06
1.030000000000000000e+02 2.475448087221430609e-06
1.040000000000000000e+02 2.225380230580647835e-06
1.050000000000000000e+02 2.000596074723707392e-06
1.060000000000000000e+02 1.798536107618058154e-06
1.070000000000000000e+02 1.616900377164520186e-06
1.080000000000000000e+02 1.453622101853015290e-06
1.090000000000000000e+02 1.306843974588520382e-06
1.100000000000000000e+02 1.174896883186493561e-06
1.110000000000000000e+02 1.056280799816530516e-06
1.120000000000000000e+02 9.496476172543199698e-07
1.130000000000000000e+02 8.537857326210824618e-07
1.140000000000000000e+02 7.676062000128188997e-07
1.150000000000000000e+02 6.901302913922324200e-07
1.160000000000000000e+02 6.204783224283534115e-07
1.170000000000000000e+02 5.578596137981516482e-07
1.180000000000000000e+02 5.015634722232103813e-07
1.190000000000000000e+02 4.509510875600574672e-07
1.200000000000000000e+02 4.054482521903937163e-07
1.210000000000000000e+02 3.645388194226756987e-07
1.220000000000000000e+02 3.277588254782860913e-07
1.230000000000000000e+02 2.946912074879983768e-07
1.240000000000000000e+02 2.649610572012587681e-07
1.250000000000000000e+02 2.382313556296039323e-07
1.260000000000000000e+02 2.141991399213741694e-07
1.270000000000000000e+02 1.925920587121500247e-07
1.280000000000000000e+02 1.731652762371567028e-07
1.290000000000000000e+02 1.556986899273166691e-07
1.300000000000000000e+02 1.399944297902579407e-07
1.310000000000000000e+02 1.258746109461213978e-07
1.320000000000000000e+02 1.131793134699084626e-07
1.330000000000000000e+02 1.017647667591436141e-07
1.340000000000000000e+02 9.150171760856001937e-08
1.350000000000000000e+02 8.227396321914138380e-08
1.360000000000000000e+02 7.397703272904101772e-08
1.370000000000000000e+02 6.651700203050772459e-08
1.380000000000000000e+02 5.980942838026378887e-08
1.390000000000000000e+02 5.377839269326337291e-08
1.400000000000000000e+02 4.835563875169598447e-08
1.410000000000000000e+02 4.347979934128045520e-08
1.420000000000000000e+02 3.909570058453564868e-08
1.430000000000000000e+02 3.515373658620397443e-08
1.440000000000000000e+02 3.160930728556956525e-08
1.450000000000000000e+02 2.842231308891843691e-08
1.460000000000000000e+02 2.555670051449205276e-08
1.470000000000000000e+02 2.298005379549405132e-08
1.480000000000000000e+02 2.066322768031927807e-08
1.490000000000000000e+02 1.858001734658936197e-08
1.500000000000000000e+02 1.670686162014218296e-08
1.510000000000000000e+02 1.502257619864151019e-08
1.520000000000000000e+02 1.350811376541871109e-08
1.530000000000000000e+02 1.214634836988429968e-08
1.540000000000000000e+02 1.092188154273220379e-08
1.550000000000000000e+02 9.820867997004831947e-09
1.560000000000000000e+02 8.830858915888119081e-09
1.570000000000000000e+02 7.940661069918639929e-09
1.580000000000000000e+02 7.140210098661524707e-09
1.590000000000000000e+02 6.420456716705849416e-09
1.600000000000000000e+02 5.773264214624807662e-09
1.610000000000000000e+02 5.191316516054615270e-09
1.620000000000000000e+02 4.668035258063518405e-09
1.630000000000000000e+02 4.197505483414581345e-09
1.640000000000000000e+02 3.774408746158344119e-09
1.650000000000000000e+02 3.393962860657496974e-09
1.660000000000000000e+02 3.051867808001364646e-09
1.670000000000000000e+02 2.744257229104916605e-09
1.680000000000000000e+02 2.467654580702563770e-09
1.690000000000000000e+02 2.218933832487209482e-09
1.700000000000000000e+02 1.995284209431521053e-09
1.710000000000000000e+02 1.794178249021086300e-09
1.720000000000000000e+02 1.613343373036662388e-09
1.730000000000000000e+02 1.450736080366413309e-09
1.740000000000000000e+02 1.304518953331393646e-09
1.750000000000000000e+02 1.173039795390255263e-09
1.760000000000000000e+02 1.054812948231265039e-09
1.770000000000000000e+02 9.485025206126614941e-10
1.780000000000000000e+02 8.529073797564695664e-10
1.790000000000000000e+02 7.669473940156112310e-10
1.800000000000000000e+02 6.896513336440813454e-10
1.810000000000000000e+02 6.201459320345562225e-10
1.820000000000000000e+02 5.576459104096911957e-10
1.830000000000000000e+02 5.014451314243518466e-10
1.840000000000000000e+02 4.509086646445081153e-10
1.850000000000000000e+02 4.054656121069123415e-10
1.860000000000000000e+02 3.646025874734062054e-10
1.870000000000000000e+02 3.278579359267596095e-10
1.880000000000000000e+02 2.948165902806979300e-10
1.890000000000000000e+02 2.651052757551670655e-10
1.900000000000000000e+02 2.383883641456180666e-10
1.910000000000000000e+02 2.143640532587931002e-10
1.920000000000000000e+02 1.927609631078533743e-10
1.930000000000000000e+02 1.733350660377392117e-10
1.940000000000000000e+02 1.558669225817903437e-10
1.950000000000000000e+02 1.401592371979718271e-10
1.960000000000000000e+02 1.260345764694522252e-10
1.970000000000000000e+02 1.133333754882650711e-10
1.980000000000000000e+02 1.019121984794389002e-10
1.990000000000000000e+02 9.164201968555345129e-11
2.000000000000000000e+02 8.240686180967316069e-11
2.010000000000000000e+02 7.410239278703984368e-11
2.020000000000000000e+02 6.663480863007852030e-11
2.030000000000000000e+02 5.991981701752546526e-11
2.040000000000000000e+02 5.388150094834627321e-11
2.050000000000000000e+02 4.845172115021362396e-11
2.060000000000000000e+02 4.356911329516894838e-11
2.070000000000000000e+02 3.917855064553445504e-11
2.080000000000000000e+02 3.523047669993454737e-11
2.090000000000000000e+02 3.168022596132461663e-11
2.100000000000000000e+02 2.848776013828628026e-11
2.110000000000000000e+02 2.561702892859508298e-11
2.120000000000000000e+02 2.303558980268519213e-11
2.130000000000000000e+02 2.071427237281474766e-11
2.140000000000000000e+02 1.862689198685181589e-11
2.150000000000000000e+02 1.674986605289742844e-11
2.160000000000000000e+02 1.506199394742890292e-11
2.170000000000000000e+02 1.354419441492908210e-11
2.180000000000000000e+02 1.217935246127326450e-11
2.190000000000000000e+02 1.095205725232760558e-11
2.200000000000000000e+02 9.848412168535800487e-12
2.210000000000000000e+02 8.856014221880591607e-12
2.220000000000000000e+02 7.963585263833056981e-12
2.230000000000000000e+02 7.161137013236022937e-12
2.240000000000000000e+02 6.439521843971684872e-12
2.250000000000000000e+02 5.790608919979080210e-12
2.260000000000000000e+02 5.207123400141018213e-12
2.270000000000000000e+02 4.682400521555044599e-12
2.280000000000000000e+02 4.210555011294496674e-12
2.290000000000000000e+02 3.786272895649997148e-12
2.300000000000000000e+02 3.404740938436808727e-12
2.310000000000000000e+02 3.061664351508607991e-12
2.320000000000000000e+02 2.753147129168054250e-12
2.330000000000000000e+02 2.475724927397773940e-12
2.340000000000000000e+02 2.226251408110048827e-12
2.350000000000000000e+02 2.001922525184969237e-12
2.360000000000000000e+02 1.800196892370595920e-12
2.370000000000000000e+02 1.618798782086070009e-12
2.380000000000000000e+02 1.455675133602600142e-12
2.390000000000000000e+02 1.308989497217989423e-12
2.400000000000000000e+02 1.177080101662099409e-12
2.410000000000000000e+02 1.058476716079688189e-12
2.420000000000000000e+02 9.518185007211474276e-13
2.430000000000000000e+02 8.559257480937231401e-13
2.440000000000000000e+02 7.696661067627781323e-13
2.450000000000000000e+02 6.921187629873606157e-13
2.460000000000000000e+02 6.223672706991545228e-13
2.470000000000000000e+02 5.596518374018260143e-13
2.480000000000000000e+02 5.032528728686403541e-13
2.490000000000000000e+02 4.525559343226016301e-13
2.500000000000000000e+02 4.069389345346681953e-13
2.510000000000000000e+02 3.659482583498113881e-13
2.520000000000000000e+02 3.290828949128405507e-13
2.530000000000000000e+02 2.959232128548221144e-13
2.540000000000000000e+02 2.661039226325376385e-13
2.550000000000000000e+02 2.392975248054115520e-13
2.560000000000000000e+02 2.151670468208068388e-13
2.570000000000000000e+02 1.934804453435131682e-13
2.580000000000000000e+02 1.739974805964781677e-13
2.590000000000000000e+02 1.564523539226404097e-13
2.600000000000000000e+02 1.406917612008851174e-13
2.610000000000000000e+02 1.265168465621800201e-13
2.620000000000000000e+02 1.137768990537727276e-13
2.630000000000000000e+02 1.023138189707389988e-13
2.640000000000000000e+02 9.200536926563157832e-14
2.650000000000000000e+02 8.273963390782973074e-14
2.660000000000000000e+02 7.439995516169622036e-14
2.670000000000000000e+02 6.692392099066402806e-14
2.680000000000000000e+02 6.018281121278574476e-14
2.690000000000000000e+02 5.410473126330133995e-14
2.700000000000000000e+02 4.865412028390989382e-14
2.710000000000000000e+02 4.374640076951582174e-14
2.720000000000000000e+02 3.934268471108242809e-14
2.730000000000000000e+02 3.538443457756051050e-14
2.740000000000000000e+02 3.181591420429071618e-14
2.750000000000000000e+02 2.862119615741056213e-14
2.760000000000000000e+02 2.572892222365280108e-14
2.770000000000000000e+02 2.314065026134228410e-14
2.780000000000000000e+02 2.080951089078993674e-14
2.790000000000000000e+02 1.871140235405568998e-14
2.800000000000000000e+02 1.682790822942579333e-14
2.810000000000000000e+02 1.514602528796255034e-14
2.820000000000000000e+02 1.361690441494964469e-14
2.830000000000000000e+02 1.226294007864325905e-14
2.840000000000000000e+02 1.100936569194308831e-14
2.850000000000000000e+02 9.896441772357484797e-15
2.860000000000000000e+02 8.896442320564804130e-15
2.870000000000000000e+02 8.002064080435458875e-15
2.880000000000000000e+02 7.197069196692687405e-15
2.890000000000000000e+02 6.478879032762084691e-15
2.900000000000000000e+02 5.823571143807852766e-15
2.910000000000000000e+02 5.255638123820407498e-15
2.920000000000000000e+02 4.738646097364689164e-15
2.930000000000000000e+02 4.266552456133964900e-15
2.940000000000000000e+02 3.833748172548105881e-15
2.950000000000000000e+02 3.460245955102670355e-15
2.960000000000000000e+02 3.134400442495130096e-15
2.970000000000000000e+02 2.794175123610636152e-15
2.980000000000000000e+02 2.515131945905000117e-15
2.990000000000000000e+02 2.270103817539458084e-15
3.000000000000000000e+02 2.050151090522184302e-15
3.010000000000000000e+02 1.843276450186115258e-15
3.020000000000000000e+02 1.671938416300274891e-15
3.030000000000000000e+02 1.507959346447415471e-15
3.040000000000000000e+02 1.359031085949315528e-15
3.050000000000000000e+02 1.235491007171547607e-15
3.060000000000000000e+02 1.143856722738017688e-15
3.070000000000000000e+02 1.061969284810596379e-15
3.080000000000000000e+02 9.450652266833523204e-16
3.090000000000000000e+02 8.613073079867314965e-16
3.100000000000000000e+02 7.537392743559369092e-16
3.110000000000000000e+02 6.807715905288043546e-16
3.120000000000000000e+02 6.421038347925431117e-16
3.130000000000000000e+02 6.005290785284171426e-16
3.140000000000000000e+02 5.651171276313460556e-16
3.150000000000000000e+02 5.117172828566441698e-16
3.160000000000000000e+02 4.913901158559916494e-16
3.170000000000000000e+02 4.476088845700559107e-16
3.180000000000000000e+02 4.161294983265870056e-16
3.190000000000000000e+02 3.973621785009242336e-16
3.200000000000000000e+02 4.393545343454952730e-16
3.210000000000000000e+02 4.308072405541892784e-16
3.220000000000000000e+02 4.188472706651095740e-16
3.230000000000000000e+02 3.296741484192116731e-16
3.240000000000000000e+02 3.094895563413417674e-16
3.250000000000000000e+02 3.064245496199757022e-16
3.260000000000000000e+02 2.956239204609184045e-16
3.270000000000000000e+02 2.748003944252302511e-16
3.280000000000000000e+02 2.726281698213717553e-16
3.290000000000000000e+02 3.414971303004057284e-16
3.300000000000000000e+02 3.305179324163591214e-16
3.310000000000000000e+02 3.282739817121503951e-16
3.320000000000000000e+02 3.248042693688736991e-16
3.330000000000000000e+02 3.189577884312591871e-16
3.340000000000000000e+02 3.097345065919514643e-16
3.350000000000000000e+02 3.028096811960649312e-16
3.360000000000000000e+02 3.075996542440056748e-16
3.370000000000000000e+02 3.000074456626910682e-16
3.380000000000000000e+02 3.003393937722158278e-16
3.390000000000000000e+02 3.010492254788237512e-16
3.400000000000000000e+02 2.984730895302375536e-16
3.410000000000000000e+02 3.021508481358992318e-16
3.420000000000000000e+02 2.988030339229220969e-16
3.430000000000000000e+02 2.981186906515171548e-16
3.440000000000000000e+02 2.941208359024153936e-16
3.450000000000000000e+02 2.947540396218090079e-16
3.460000000000000000e+02 2.956827745722072370e-16
3.470000000000000000e+02 2.964025121212577086e-16
3.480000000000000000e+02 2.930943354467073815e-16
3.490000000000000000e+02 2.930652100909398576e-16
3.500000000000000000e+02 2.900835898542894694e-16
3.510000000000000000e+02 2.900564259524697464e-16
3.520000000000000000e+02 2.898707378281594609e-16
3.530000000000000000e+02 2.917649224682742657e-16
3.540000000000000000e+02 2.843903438917526935e-16
3.550000000000000000e+02 2.820759559413122479e-16
3.560000000000000000e+02 2.830420887078428086e-16
3.570000000000000000e+02 2.771913812510491570e-16
3.580000000000000000e+02 2.765569931177631383e-16
3.590000000000000000e+02 2.793151926089860631e-16
3.600000000000000000e+02 2.773149770447925034e-16
3.610000000000000000e+02 2.775961557487914221e-16
3.620000000000000000e+02 2.816270587240958687e-16
3.630000000000000000e+02 2.827625519296753258e-16
3.640000000000000000e+02 2.792304033329329664e-16
3.650000000000000000e+02 2.819602691229545539e-16
3.660000000000000000e+02 2.828240824325566654e-16
3.670000000000000000e+02 2.810447421812156494e-16
3.680000000000000000e+02 2.153214428176647244e-16
3.690000000000000000e+02 2.117033259242780121e-16
3.700000000000000000e+02 2.744326223732970815e-16
3.710000000000000000e+02 2.720519341787492546e-16
3.720000000000000000e+02 2.755596359573976865e-16
3.730000000000000000e+02 2.766495739346790893e-16
3.740000000000000000e+02 2.770703964340165593e-16
3.750000000000000000e+02 2.782187343234748043e-16
3.760000000000000000e+02 2.786573640839909448e-16
3.770000000000000000e+02 2.768014343276997221e-16
3.780000000000000000e+02 2.765390371600178401e-16
3.790000000000000000e+02 2.747721676992031362e-16
3.800000000000000000e+02 2.775299173029244617e-16
3.810000000000000000e+02 2.777888670453724892e-16
3.820000000000000000e+02 2.761469801753452036e-16
3.830000000000000000e+02 2.177745025991542588e-16
3.840000000000000000e+02 2.171812205152651468e-16
3.850000000000000000e+02 2.181192741492817401e-16
3.860000000000000000e+02 2.192783847905937718e-16
3.870000000000000000e+02 2.784768961822694457e-16
3.880000000000000000e+02 2.797110251163951211e-16
3.890000000000000000e+02 2.804108759911739923e-16
3.900000000000000000e+02 2.795583964848184937e-16
3.910000000000000000e+02 2.778444092793287632e-16
3.920000000000000000e+02 2.780156930567054181e-16
3.930000000000000000e+02 2.786950634298103061e-16
3.940000000000000000e+02 2.752027207818479499e-16
3.950000000000000000e+02 2.759739417630296806e-16
3.960000000000000000e+02 2.767824563351474615e-16
3.970000000000000000e+02 2.794890990692122164e-16
3.980000000000000000e+02 2.787881118618252684e-16
3.990000000000000000e+02 2.755375936409275808e-16
4.000000000000000000e+02 2.793062299681228556e-16
4.010000000000000000e+02 2.795912773842069436e-16
4.020000000000000000e+02 2.778940333724953261e-16
4.030000000000000000e+02 2.840819429492548248e-16
4.040000000000000000e+02 2.840495818790340642e-16
4.050000000000000000e+02 2.848425223123183049e-16
4.060000000000000000e+02 2.886635546841431915e-16
4.070000000000000000e+02 2.267799432825491991e-16
4.080000000000000000e+02 2.278789811829695060e-16
4.090000000000000000e+02 2.281914031735254574e-16
4.100000000000000000e+02 2.299347993390694513e-16
4.110000000000000000e+02 2.296740710230009844e-16
4.120000000000000000e+02 2.269622803991873605e-16
4.130000000000000000e+02 2.253800380252314982e-16
4.140000000000000000e+02 2.243995532804660837e-16
4.150000000000000000e+02 2.179824476059659816e-16
4.160000000000000000e+02 2.198202731869720898e-16
4.170000000000000000e+02 2.856907262067923934e-16
4.180000000000000000e+02 2.846799592120263468e-16
4.190000000000000000e+02 2.841870909777127963e-16
4.200000000000000000e+02 2.196021085202492891e-16
4.210000000000000000e+02 2.151130240288225977e-16
4.220000000000000000e+02 2.171205556590296001e-16
4.230000000000000000e+02 2.162070217361924154e-16
4.240000000000000000e+02 2.147525341416314767e-16
4.250000000000000000e+02 2.174788186769505449e-16
4.260000000000000000e+02 2.200495981924070250e-16
4.270000000000000000e+02 2.186336288851320478e-16
4.280000000000000000e+02 2.188722599362183102e-16
4.290000000000000000e+02 2.176357622136657236e-16
4.300000000000000000e+02 2.145873622124862411e-16
4.310000000000000000e+02 2.118240601203572649e-16
4.320000000000000000e+02 2.127126237698800641e-16
4.330000000000000000e+02 2.080301799616931286e-16
4.340000000000000000e+02 2.101077420917833043e-16
4.350000000000000000e+02 2.094739420927647670e-16
4.360000000000000000e+02 2.781231345184204334e-16
4.370000000000000000e+02 2.763040182530154498e-16
4.380000000000000000e+02 2.776858777217697888e-16
4.390000000000000000e+02 2.076400028283117378e-16
4.400000000000000000e+02 2.077623081872543400e-16
4.410000000000000000e+02 2.047787673883339498e-16
4.420000000000000000e+02 2.074549259494452761e-16
4.430000000000000000e+02 2.119116123385625558e-16
4.440000000000000000e+02 2.120974440583492376e-16
4.450000000000000000e+02 2.138388634110420464e-16
4.460000000000000000e+02 2.167075463878949305e-16
4.470000000000000000e+02 2.753410710013103253e-16
4.480000000000000000e+02 2.158072874968016577e-16
4.490000000000000000e+02 2.134008504342409802e-16
4.500000000000000000e+02 2.124294064442153273e-16
4.510000000000000000e+02 2.134544976542774791e-16
4.520000000000000000e+02 2.184471578944400903e-16
4.530000000000000000e+02 2.147320857145350567e-16
4.540000000000000000e+02 2.161574750939223040e-16
4.550000000000000000e+02 2.165573209568407511e-16
4.560000000000000000e+02 2.164816952208709312e-16
4.570000000000000000e+02 2.180562354453192038e-16
4.580000000000000000e+02 2.191510834662432796e-16
4.590000000000000000e+02 2.180276267983636897e-16
4.600000000000000000e+02 2.102124087417947897e-16
4.610000000000000000e+02 2.101421159940794584e-16
4.620000000000000000e+02 2.119358184040519643e-16
4.630000000000000000e+02 2.125159368390540411e-16
4.640000000000000000e+02 2.161234882633764950e-16
4.650000000000000000e+02 2.149383917753857920e-16
4.660000000000000000e+02 2.126410345741989415e-16
4.670000000000000000e+02 2.187207068539466861e-16
4.680000000000000000e+02 2.181510688513032344e-16
4.690000000000000000e+02 2.183496338589486724e-16
4.700000000000000000e+02 2.214748593301312585e-16
4.710000000000000000e+02 2.243580351492122710e-16
4.720000000000000000e+02 2.258369766949778882e-16
4.730000000000000000e+02 2.226614750894724400e-16
4.740000000000000000e+02 2.212325430744063893e-16
4.750000000000000000e+02 2.240783649172788948e-16
4.760000000000000000e+02 2.243819958892807244e-16
4.770000000000000000e+02 2.216284176368516915e-16
4.780000000000000000e+02 2.198941908418890913e-16
4.790000000000000000e+02 2.177895777503030873e-16
4.800000000000000000e+02 2.169481068692192280e-16
4.810000000000000000e+02 2.143525764144828007e-16
4.820000000000000000e+02 2.062120590154127211e-16
4.830000000000000000e+02 1.985122098175106292e-16
4.840000000000000000e+02 1.964122885684501734e-16
4.850000000000000000e+02 1.971713694821129705e-16
4.860000000000000000e+02 1.993242439054225369e-16
4.870000000000000000e+02 1.989483475110391077e-16
4.880000000000000000e+02 2.024480184648161606e-16
4.890000000000000000e+02 1.941119512979447042e-16
4.900000000000000000e+02 1.931522793981375385e-16
4.910000000000000000e+02 1.943437381977331095e-16
4.920000000000000000e+02 1.935990083276065841e-16
4.930000000000000000e+02 1.955610962090256194e-16
4.940000000000000000e+02 1.894402736405990714e-16
4.950000000000000000e+02 1.935633927614038908e-16
4.960000000000000000e+02 1.900216866756530953e-16
4.970000000000000000e+02 1.896221567160889690e-16
4.980000000000000000e+02 1.941053972366211144e-16
4.990000000000000000e+02 1.975739123635301788e-16
5.000000000000000000e+02 2.021487966129677323e-16
5.010000000000000000e+02 1.997438163355714852e-16
5.020000000000000000e+02 1.944870667966975103e-16
5.030000000000000000e+02 2.010027913298241720e-16
5.040000000000000000e+02 2.030643394410644363e-16
5.050000000000000000e+02 2.076445485810206960e-16
5.060000000000000000e+02 2.064680288444722961e-16
5.070000000000000000e+02 2.023160096824709679e-16
5.080000000000000000e+02 2.065350019454464001e-16
5.090000000000000000e+02 2.076951380685738546e-16
5.100000000000000000e+02 2.121943603590306711e-16
5.110000000000000000e+02 2.075324568663576524e-16
5.120000000000000000e+02 2.059619480198695842e-16
5.130000000000000000e+02 2.040320994682274840e-16
5.140000000000000000e+02 2.701032288220228048e-16
5.150000000000000000e+02 2.712954314475666884e-16
5.160000000000000000e+02 2.685832269243573295e-16
5.170000000000000000e+02 2.692229900451407100e-16
5.180000000000000000e+02 2.698794846669721170e-16
5.190000000000000000e+02 2.653105453417854912e-16
5.200000000000000000e+02 2.641236465570937632e-16
5.210000000000000000e+02 2.676795932497383026e-16
5.220000000000000000e+02 2.675929574835158990e-16
5.230000000000000000e+02 2.670742429757570760e-16
5.240000000000000000e+02 2.084101750362486136e-16
5.250000000000000000e+02 2.069621647947288464e-16
5.260000000000000000e+02 2.054496269006684331e-16
5.270000000000000000e+02 2.065159257669732891e-16
5.280000000000000000e+02 2.114566048088714109e-16
5.290000000000000000e+02 2.118196040620371416e-16
5.300000000000000000e+02 2.111163093205062439e-16
5.310000000000000000e+02 2.041302314673771637e-16
5.320000000000000000e+02 2.046651061384331764e-16
5.330000000000000000e+02 2.000261198684442076e-16
5.340000000000000000e+02 2.050897603997638815e-16
5.350000000000000000e+02 2.019456821591947056e-16
5.360000000000000000e+02 2.017885345847765433e-16
5.370000000000000000e+02 1.971436852789132971e-16
5.380000000000000000e+02 1.982919186058688394e-16
5.390000000000000000e+02 2.057386626555435115e-16
5.400000000000000000e+02 2.009366294016061165e-16
5.410000000000000000e+02 2.045902998421884820e-16
5.420000000000000000e+02 2.045559961211144961e-16
5.430000000000000000e+02 2.015339520422839418e-16
5.440000000000000000e+02 2.046442513680898713e-16
5.450000000000000000e+02 2.086132904819508732e-16
5.460000000000000000e+02 2.138020127091773166e-16
5.470000000000000000e+02 2.684008781876690061e-16
5.480000000000000000e+02 2.690753935558878736e-16
5.490000000000000000e+02 2.678970558154054952e-16
5.500000000000000000e+02 2.655603934990127093e-16
5.510000000000000000e+02 2.663730925142847552e-16
5.520000000000000000e+02 2.673899819659912061e-16
5.530000000000000000e+02 2.639929422400365971e-16
5.540000000000000000e+02 2.137989415306491852e-16
5.550000000000000000e+02 2.081311591730335187e-16
5.560000000000000000e+02 2.035536333287326580e-16
5.570000000000000000e+02 2.480019514028136780e-16
5.580000000000000000e+02 2.040610613596723861e-16
5.590000000000000000e+02 2.068383942613641356e-16
5.600000000000000000e+02 2.434935800796848465e-16
5.610000000000000000e+02 2.441582423520454674e-16
5.620000000000000000e+02 2.471039345395597311e-16
5.630000000000000000e+02 2.447129566143598113e-16
5.640000000000000000e+02 2.402188819210743488e-16
5.650000000000000000e+02 2.387025138885479904e-16
5.660000000000000000e+02 2.396469159153452085e-16
5.670000000000000000e+02 2.396359558836267397e-16
5.680000000000000000e+02 1.962567743882379706e-16
5.690000000000000000e+02 1.979739784173093161e-16
5.700000000000000000e+02 2.414471481339361961e-16
5.710000000000000000e+02 2.407035752345694110e-16
5.720000000000000000e+02 2.390850822862585359e-16
5.730000000000000000e+02 2.409598630154285512e-16
5.740000000000000000e+02 2.415545451390773319e-16
5.750000000000000000e+02 2.443800104655734664e-16
5.760000000000000000e+02 2.450655464283968209e-16
5.770000000000000000e+02 2.459948628596036161e-16
5.780000000000000000e+02 2.464189066072790664e-16
5.790000000000000000e+02 2.458426690746901491e-16
5.800000000000000000e+02 2.477582489517392219e-16
5.810000000000000000e+02 2.466266615054603135e-16
5.820000000000000000e+02 2.459726737977503847e-16
5.830000000000000000e+02 2.445787586677933957e-16
5.840000000000000000e+02 2.459614950911005999e-16
5.850000000000000000e+02 2.449286932690560166e-16
5.860000000000000000e+02 2.445344571837188297e-16
5.870000000000000000e+02 2.454256561041727207e-16
5.880000000000000000e+02 2.411246701107211233e-16
5.890000000000000000e+02 2.431598081661127936e-16
5.900000000000000000e+02 2.438932005608570499e-16
5.910000000000000000e+02 2.426421378572119400e-16
5.920000000000000000e+02 2.425364068971664972e-16
5.930000000000000000e+02 2.425663545827802244e-16
5.940000000000000000e+02 2.395222159616627015e-16
5.950000000000000000e+02 2.394056793128392083e-16
5.960000000000000000e+02 2.369160707683287587e-16
5.970000000000000000e+02 2.363255190228939116e-16
5.980000000000000000e+02 2.367414001385068385e-16
5.990000000000000000e+02 2.354704660382923370e-16
6.000000000000000000e+02 2.297642879171813760e-16
6.010000000000000000e+02 2.294738594686344415e-16
6.020000000000000000e+02 2.301012607281012623e-16
6.030000000000000000e+02 2.315860550171648763e-16
6.040000000000000000e+02 2.313208011488328621e-16
6.050000000000000000e+02 2.318394998264583689e-16
6.060000000000000000e+02 2.328894673383499473e-16
6.070000000000000000e+02 2.330520574129534735e-16
6.080000000000000000e+02 2.337393893541602071e-16
6.090000000000000000e+02 2.376397200650897546e-16
6.100000000000000000e+02 2.409694003819914064e-16
6.110000000000000000e+02 2.396455459387925214e-16
6.120000000000000000e+02 2.427151921767323993e-16
6.130000000000000000e+02 2.417135137951497100e-16
6.140000000000000000e+02 2.430841862792427615e-16
6.150000000000000000e+02 2.377847379317061275e-16
6.160000000000000000e+02 2.390612218850024213e-16
6.170000000000000000e+02 2.371363048510489291e-16
6.180000000000000000e+02 2.330036269489065809e-16
6.190000000000000000e+02 2.357824019137517259e-16
6.200000000000000000e+02 2.465452784021370369e-16
6.210000000000000000e+02 2.495999479866494389e-16
6.220000000000000000e+02 2.497643118307069417e-16
6.230000000000000000e+02 2.512374408976268612e-16
6.240000000000000000e+02 2.487580234207749006e-16
6.250000000000000000e+02 2.480257790017538941e-16
6.260000000000000000e+02 2.496657065090628642e-16
6.270000000000000000e+02 2.488411566453434659e-16
6.280000000000000000e+02 2.454390328951569710e-16
6.290000000000000000e+02 2.457289629009875047e-16
6.300000000000000000e+02 2.431960915695118407e-16
6.310000000000000000e+02 2.426949015160160362e-16
6.320000000000000000e+02 2.368162747553692542e-16
6.330000000000000000e+02 2.356809069715224567e-16
6.340000000000000000e+02 2.352924548746648180e-16
6.350000000000000000e+02 2.368271919925121790e-16
6.360000000000000000e+02 2.337750282938906649e-16
6.370000000000000000e+02 2.352472768529959318e-16
6.380000000000000000e+02 2.321175982098014642e-16
6.390000000000000000e+02 2.341407595741487300e-16
6.400000000000000000e+02 2.307009858956192283e-16
6.410000000000000000e+02 2.349484298899222392e-16
6.420000000000000000e+02 2.329900646149679411e-16
6.430000000000000000e+02 2.316640130605482090e-16
6.440000000000000000e+02 2.295441321601506106e-16
6.450000000000000000e+02 2.283294811189013749e-16
6.460000000000000000e+02 2.283021598206394942e-16
6.470000000000000000e+02 2.271876477240169031e-16
6.480000000000000000e+02 2.299826269485548819e-16
6.490000000000000000e+02 2.271450131635085544e-16
6.500000000000000000e+02 2.253193949847380476e-16
6.510000000000000000e+02 2.259915660706977480e-16
6.520000000000000000e+02 2.281065013007288461e-16
6.530000000000000000e+02 2.172174979391192892e-16
6.540000000000000000e+02 2.174652316997139800e-16
6.550000000000000000e+02 2.218904620395927051e-16
6.560000000000000000e+02 2.208478518835997391e-16
6.570000000000000000e+02 2.234436028198060651e-16
6.580000000000000000e+02 2.268378439604409209e-16
6.590000000000000000e+02 2.285973083725080658e-16
6.600000000000000000e+02 2.293629529223211767e-16
6.610000000000000000e+02 2.326426349491435066e-16
6.620000000000000000e+02 2.349917443448028284e-16
6.630000000000000000e+02 2.363444464785178668e-16
6.640000000000000000e+02 2.376949753991433192e-16
6.650000000000000000e+02 2.332641523396842451e-16
6.660000000000000000e+02 2.284473566090582524e-16
6.670000000000000000e+02 2.285714554473769910e-16
6.680000000000000000e+02 2.283012610381777339e-16
6.690000000000000000e+02 2.270286306626609722e-16
6.700000000000000000e+02 2.268695021433110861e-16
6.710000000000000000e+02 2.279812493273224605e-16
6.720000000000000000e+02 2.289209406709315826e-16
6.730000000000000000e+02 2.319982265748815140e-16
6.740000000000000000e+02 2.336536932088670924e-16
6.750000000000000000e+02 2.291748258317711948e-16
6.760000000000000000e+02 2.270779740062201524e-16
6.770000000000000000e+02 2.238320833995513039e-16
6.780000000000000000e+02 2.297357081809374321e-16
6.790000000000000000e+02 2.254184550515842109e-16
6.800000000000000000e+02 2.327919998168358329e-16
6.810000000000000000e+02 2.270548400008587025e-16
6.820000000000000000e+02 2.321354544636578992e-16
6.830000000000000000e+02 2.313747276230784113e-16
6.840000000000000000e+02 2.278804218980269880e-16
6.850000000000000000e+02 2.259852101909769878e-16
6.860000000000000000e+02 2.248272731999628829e-16
6.870000000000000000e+02 2.280762743634948884e-16
6.880000000000000000e+02 2.290420953010390222e-16
6.890000000000000000e+02 2.293538275772854134e-16
6.900000000000000000e+02 2.281396023987414376e-16
6.910000000000000000e+02 2.256580950293357653e-16
6.920000000000000000e+02 2.237924771618758567e-16
6.930000000000000000e+02 2.231857724133582292e-16
6.940000000000000000e+02 2.193173092614261408e-16
6.950000000000000000e+02 2.199481201171882435e-16
6.960000000000000000e+02 2.233710434602267162e-16
6.970000000000000000e+02 2.204446184755169034e-16
6.980000000000000000e+02 2.177790252540701710e-16
6.990000000000000000e+02 2.215780459419150328e-16
7.000000000000000000e+02 2.228516017355199452e-16
7.010000000000000000e+02 2.247995262567802210e-16
7.020000000000000000e+02 2.221980062614121604e-16
7.030000000000000000e+02 2.239640536070469699e-16
7.040000000000000000e+02 2.230730273779619766e-16
7.050000000000000000e+02 2.217170958515899284e-16
7.060000000000000000e+02 2.211657528656071546e-16
7.070000000000000000e+02 2.252372367874842072e-16
7.080000000000000000e+02 2.257293738186625874e-16
7.090000000000000000e+02 2.263988775677322834e-16
7.100000000000000000e+02 2.277334220137455265e-16
7.110000000000000000e+02 2.226163145837121142e-16
7.120000000000000000e+02 2.234516839229136313e-16
7.130000000000000000e+02 2.237381905602338229e-16
7.140000000000000000e+02 2.307381612909758158e-16
7.150000000000000000e+02 2.287006908482105327e-16
7.160000000000000000e+02 2.312668621000899045e-16
7.170000000000000000e+02 2.342697254916757116e-16
7.180000000000000000e+02 2.365568856633327835e-16
7.190000000000000000e+02 2.415278702778252156e-16
7.200000000000000000e+02 2.394740657807105738e-16
7.210000000000000000e+02 2.418927376267607496e-16
7.220000000000000000e+02 2.377874993184449061e-16
7.230000000000000000e+02 2.360196912671102389e-16
7.240000000000000000e+02 2.413288201835792077e-16
7.250000000000000000e+02 2.408930908766735894e-16
7.260000000000000000e+02 2.410211680723756377e-16
7.270000000000000000e+02 2.464175742801074894e-16
7.280000000000000000e+02 2.448189209809510497e-16
7.290000000000000000e+02 2.442523503855472338e-16
7.300000000000000000e+02 2.018731207973766290e-16
7.310000000000000000e+02 2.421355640862517993e-16
7.320000000000000000e+02 2.413981918788215066e-16
7.330000000000000000e+02 1.950788933999956137e-16
7.340000000000000000e+02 1.998029791167917677e-16
7.350000000000000000e+02 2.003680458100671102e-16
7.360000000000000000e+02 2.029818670755341426e-16
7.370000000000000000e+02 2.421897937006274488e-16
7.380000000000000000e+02 2.398665246539521372e-16
7.390000000000000000e+02 2.432502534623568712e-16
7.400000000000000000e+02 2.422114821467110345e-16
7.410000000000000000e+02 2.413233784229364225e-16
7.420000000000000000e+02 2.374517557515732966e-16
7.430000000000000000e+02 2.366706634722068594e-16
7.440000000000000000e+02 2.332965216494834022e-16
7.450000000000000000e+02 2.293724357393480240e-16
7.460000000000000000e+02 2.326092925098594561e-16
7.470000000000000000e+02 2.313747276230784113e-16
7.480000000000000000e+02 2.349079026855748323e-16
7.490000000000000000e+02 2.314045237042286112e-16
7.500000000000000000e+02 2.281842093246798680e-16
7.510000000000000000e+02 2.295055116645823241e-16
7.520000000000000000e+02 2.280134686914274209e-16
7.530000000000000000e+02 2.266785815087350631e-16
7.540000000000000000e+02 2.245569597655003965e-16
7.550000000000000000e+02 2.263814752375147508e-16
7.560000000000000000e+02 2.277463964083787274e-16
7.570000000000000000e+02 2.314711962733342334e-16
7.580000000000000000e+02 2.311133153439083659e-16
7.590000000000000000e+02 2.358466188514055488e-16
7.600000000000000000e+02 2.327512734498929091e-16
7.610000000000000000e+02 2.346212176254243795e-16
7.620000000000000000e+02 2.339092838842565030e-16
7.630000000000000000e+02 2.345232449025315218e-16
7.640000000000000000e+02 2.338559418717639039e-16
7.650000000000000000e+02 2.323946574426226114e-16
7.660000000000000000e+02 2.316326558202161484e-16
7.670000000000000000e+02 2.328330715765164983e-16
7.680000000000000000e+02 2.296871144679637747e-16
7.690000000000000000e+02 2.316780072951138051e-16
7.700000000000000000e+02 2.283041371296004462e-16
7.710000000000000000e+02 2.265771743896288749e-16
7.720000000000000000e+02 2.254048004605124904e-16
7.730000000000000000e+02 2.189907283537892625e-16
7.740000000000000000e+02 2.221675296048172404e-16
7.750000000000000000e+02 2.209994318181213741e-16
7.760000000000000000e+02 2.207316816595888906e-16
7.770000000000000000e+02 2.162723072511212283e-16
7.780000000000000000e+02 2.156261756466650921e-16
7.790000000000000000e+02 2.186336288851320478e-16
7.800000000000000000e+02 2.202643386098308669e-16
7.810000000000000000e+02 2.194624665559716042e-16
7.820000000000000000e+02 2.221255942800149119e-16
7.830000000000000000e+02 2.260316947840902861e-16
7.840000000000000000e+02 2.278415193938273913e-16
7.850000000000000000e+02 2.253203056615959725e-16
7.860000000000000000e+02 2.250219531326316371e-16
7.870000000000000000e+02 2.227322388471904872e-16
7.880000000000000000e+02 2.253086487198349979e-16
7.890000000000000000e+02 2.226629495638068710e-16
7.900000000000000000e+02 2.224815159018724693e-16
7.910000000000000000e+02 2.229605934559945183e-16
7.920000000000000000e+02 2.188212537867612337e-16
7.930000000000000000e+02 2.240578517970669308e-16
7.940000000000000000e+02 2.228427622326536427e-16
7.950000000000000000e+02 2.196942198584166309e-16
7.960000000000000000e+02 2.228427622326536427e-16
7.970000000000000000e+02 2.228604408877774621e-16
7.980000000000000000e+02 2.212236388783108976e-16
7.990000000000000000e+02 2.196942198584166309e-16
8.000000000000000000e+02 2.192454433022723000e-16
8.010000000000000000e+02 2.184428369420336158e-16
8.020000000000000000e+02 2.229826798784351413e-16
8.030000000000000000e+02 2.272210632903511900e-16
8.040000000000000000e+02 2.243490720773724602e-16
8.050000000000000000e+02 2.232946010227515921e-16
8.060000000000000000e+02 2.180381672629105160e-16
8.070000000000000000e+02 2.185104594426595308e-16
8.080000000000000000e+02 2.152015265606478754e-16
8.090000000000000000e+02 2.173338471278637386e-16
8.100000000000000000e+02 2.181691276835051812e-16
8.110000000000000000e+02 2.224638071345080959e-16
8.120000000000000000e+02 2.192589199638672462e-16
8.130000000000000000e+02 2.170920127454189919e-16
8.140000000000000000e+02 2.166035552634357953e-16
8.150000000000000000e+02 2.184037566205846154e-16
8.160000000000000000e+02 2.192858708023498239e-16
8.170000000000000000e+02 2.158863811066549552e-16
8.180000000000000000e+02 2.164519304817988632e-16
8.190000000000000000e+02 2.185405071709469418e-16
8.200000000000000000e+02 2.176342536800873962e-16
8.210000000000000000e+02 2.152238371864619320e-16
8.220000000000000000e+02 2.157890310083246015e-16
8.230000000000000000e+02 2.151933263476637359e-16
8.240000000000000000e+02 2.123536634248273641e-16
8.250000000000000000e+02 2.139522546402805059e-16
8.260000000000000000e+02 2.169649417886410567e-16
8.270000000000000000e+02 2.154022390020961323e-16
8.280000000000000000e+02 2.150513940832555805e-16
8.290000000000000000e+02 2.150147511933091270e-16
8.300000000000000000e+02 2.179071281361770736e-16
8.310000000000000000e+02 2.171447480383529946e-16
8.320000000000000000e+02 2.117234853766847609e-16
8.330000000000000000e+02 2.086085691130710011e-16
8.340000000000000000e+02 2.075403665559057875e-16
8.350000000000000000e+02 2.084367566232000689e-16
8.360000000000000000e+02 2.096656534084578705e-16
8.370000000000000000e+02 2.121231766549456515e-16
8.380000000000000000e+02 2.080333363039772069e-16
8.390000000000000000e+02 2.096118196241095396e-16
8.400000000000000000e+02 2.070842759675076266e-16
8.410000000000000000e+02 2.069320223823817982e-16
8.420000000000000000e+02 2.077364305076353463e-16
8.430000000000000000e+02 2.046009308221030519e-16
8.440000000000000000e+02 2.047084131035924766e-16
8.450000000000000000e+02 2.033616087874193670e-16
8.460000000000000000e+02 2.062056905268075879e-16
8.470000000000000000e+02 2.065540763621504857e-16
8.480000000000000000e+02 2.049968923999193819e-16
8.490000000000000000e+02 2.064521269945543045e-16
8.500000000000000000e+02 2.086006999274685535e-16
8.510000000000000000e+02 2.130636602282842534e-16
8.520000000000000000e+02 2.212991276808338651e-16
8.530000000000000000e+02 2.205739640759977098e-16
8.540000000000000000e+02 2.203492822112203100e-16
8.550000000000000000e+02 2.232872494092232786e-16
8.560000000000000000e+02 2.281338460310466949e-16
8.570000000000000000e+02 2.245341143355693012e-16
8.580000000000000000e+02 2.218090689652688447e-16
8.590000000000000000e+02 2.229988751979470725e-16
8.600000000000000000e+02 2.248900562724367145e-16
8.610000000000000000e+02 2.270302575372429774e-16
8.620000000000000000e+02 2.322740147404408917e-16
8.630000000000000000e+02 2.320053021615308025e-16
8.640000000000000000e+02 2.315506108662803794e-16
8.650000000000000000e+02 2.308391627428044080e-16
8.660000000000000000e+02 2.277880176022813992e-16
8.670000000000000000e+02 2.266612006533026528e-16
8.680000000000000000e+02 2.268335019222633592e-16
8.690000000000000000e+02 2.267611223790049638e-16
8.700000000000000000e+02 2.249046544751042955e-16
8.710000000000000000e+02 2.233592847880594772e-16
8.720000000000000000e+02 2.256668242539796224e-16
8.730000000000000000e+02 2.244838462058977932e-16
8.740000000000000000e+02 2.253436177360900638e-16
8.750000000000000000e+02 2.247717758883772643e-16
8.760000000000000000e+02 2.245423389581089212e-16
8.770000000000000000e+02 2.257511893569664947e-16
8.780000000000000000e+02 2.267756001357560715e-16
8.790000000000000000e+02 2.283136639236597286e-16
8.800000000000000000e+02 2.311120723528901557e-16
8.810000000000000000e+02 2.289842143253921426e-16
8.820000000000000000e+02 2.284243612899294034e-16
8.830000000000000000e+02 2.260636473972097016e-16
8.840000000000000000e+02 2.279529861362692736e-16
8.850000000000000000e+02 2.280575604422752586e-16
8.860000000000000000e+02 2.286884884056353448e-16
8.870000000000000000e+02 2.285105818048474214e-16
8.880000000000000000e+02 2.320095474099440629e-16
8.890000000000000000e+02 2.299804856265118550e-16
8.900000000000000000e+02 2.276669166362747873e-16
8.910000000000000000e+02 2.284473566090582524e-16
8.920000000000000000e+02 2.330994214769739556e-16
8.930000000000000000e+02 2.318996765969157239e-16
8.940000000000000000e+02 2.295655851835725742e-16
8.950000000000000000e+02 2.324011912033995430e-16
8.960000000000000000e+02 2.302937989011784352e-16
8.970000000000000000e+02 2.315426351845979684e-16
8.980000000000000000e+02 2.308951568267239305e-16
8.990000000000000000e+02 2.318366675936167317e-16
9.000000000000000000e+02 2.318580854959815370e-16
9.010000000000000000e+02 2.303878701126035059e-16
9.020000000000000000e+02 2.304861762362575720e-16
9.030000000000000000e+02 2.276339270871136988e-16
9.040000000000000000e+02 2.262320501806647329e-16
9.050000000000000000e+02 2.233225349470306873e-16
9.060000000000000000e+02 2.218342300133774541e-16
9.070000000000000000e+02 2.205146047957906510e-16
9.080000000000000000e+02 2.214550316212374594e-16
9.090000000000000000e+02 2.229169663428479280e-16
9.100000000000000000e+02 2.166969411999607378e-16
9.110000000000000000e+02 2.137574763017448206e-16
9.120000000000000000e+02 2.155149980982266651e-16
9.130000000000000000e+02 2.224269093408302549e-16
9.140000000000000000e+02 2.174486242412892002e-16
9.150000000000000000e+02 2.224534763691887585e-16
9.160000000000000000e+02 2.244017478577755265e-16
9.170000000000000000e+02 2.205786153822095474e-16
9.180000000000000000e+02 2.231664645005334387e-16
9.190000000000000000e+02 2.258893055068668322e-16
9.200000000000000000e+02 2.249221710676419019e-16
9.210000000000000000e+02 2.245545839490775133e-16
9.220000000000000000e+02 2.206530229470335902e-16
9.230000000000000000e+02 2.182714328439163444e-16
9.240000000000000000e+02 2.217187616998774966e-16
9.250000000000000000e+02 2.163269497389772552e-16
9.260000000000000000e+02 2.176493385453649870e-16
9.270000000000000000e+02 2.157235992371318402e-16
9.280000000000000000e+02 2.161787378792476164e-16
9.290000000000000000e+02 2.177398257905810618e-16
9.300000000000000000e+02 2.164073705154361987e-16
9.310000000000000000e+02 2.174446609103416767e-16
9.320000000000000000e+02 2.168391211816837825e-16
9.330000000000000000e+02 2.152076288419435956e-16
9.340000000000000000e+02 2.166726988212063430e-16
9.350000000000000000e+02 2.174622122561550414e-16
9.360000000000000000e+02 2.182232952134766792e-16
9.370000000000000000e+02 2.157743866668455435e-16
9.380000000000000000e+02 2.172384680612224305e-16
9.390000000000000000e+02 2.165393172248816669e-16
9.400000000000000000e+02 2.172356343792307625e-16
9.410000000000000000e+02 2.121284001843627344e-16
9.420000000000000000e+02 2.083109071418446367e-16
9.430000000000000000e+02 2.057647915813917049e-16
9.440000000000000000e+02 2.054160660354897244e-16
9.450000000000000000e+02 2.133131399100475082e-16
9.460000000000000000e+02 2.150437606627510648e-16
9.470000000000000000e+02 2.120612583589943709e-16
9.480000000000000000e+02 2.123691233778844972e-16
9.490000000000000000e+02 2.124124052602877570e-16
9.500000000000000000e+02 2.145745484290896565e-16
9.510000000000000000e+02 2.139959834191902276e-16
9.520000000000000000e+02 2.124129848685072796e-16
9.530000000000000000e+02 2.142589348255634520e-16
9.540000000000000000e+02 2.147596046400200992e-16
9.550000000000000000e+02 2.174138954561849795e-16
9.560000000000000000e+02 2.180140740237081571e-16
9.570000000000000000e+02 2.155759244040571133e-16
9.580000000000000000e+02 2.153441221653633914e-16
9.590000000000000000e+02 2.153702290452163733e-16
9.600000000000000000e+02 2.158436057096178202e-16
9.610000000000000000e+02 2.163648877919790772e-16
9.620000000000000000e+02 2.145408846956354188e-16
9.630000000000000000e+02 2.121897186714622202e-16
9.640000000000000000e+02 2.119482108395168929e-16
9.650000000000000000e+02 2.141564375121474113e-16
9.660000000000000000e+02 2.151780693059258407e-16
9.670000000000000000e+02 2.169861254491475304e-16
9.680000000000000000e+02 2.160308042701723764e-16
9.690000000000000000e+02 2.157068576889519156e-16
9.700000000000000000e+02 2.134237338726585703e-16
9.710000000000000000e+02 2.176086070092356327e-16
9.720000000000000000e+02 2.135654027354676604e-16
9.730000000000000000e+02 2.095364290901197222e-16
9.740000000000000000e+02 2.097402148367588366e-16
9.750000000000000000e+02 2.102358344349193609e-16
9.760000000000000000e+02 2.088036300386006138e-16
9.770000000000000000e+02 2.061276605731040319e-16
9.780000000000000000e+02 2.081784763171963214e-16
9.790000000000000000e+02 2.097605629579113744e-16
9.800000000000000000e+02 2.098341127792319102e-16
9.810000000000000000e+02 2.083051938594131628e-16
9.820000000000000000e+02 2.074135774677254804e-16
9.830000000000000000e+02 2.060272929224650274e-16
9.840000000000000000e+02 2.033842093199277663e-16
9.850000000000000000e+02 2.064443743986058828e-16
9.860000000000000000e+02 2.119032848128317575e-16
9.870000000000000000e+02 2.173157188842586098e-16
9.880000000000000000e+02 2.155155693623238025e-16
9.890000000000000000e+02 2.146999758434715246e-16
9.900000000000000000e+02 2.148925631006117085e-16
9.910000000000000000e+02 2.122515994928174911e-16
9.920000000000000000e+02 2.129264759962740416e-16
9.930000000000000000e+02 2.156459683756147492e-16
9.940000000000000000e+02 2.147731717012626873e-16
9.950000000000000000e+02 2.187507257025279898e-16
9.960000000000000000e+02 2.126178738800345053e-16
9.970000000000000000e+02 2.135346549318633135e-16
9.980000000000000000e+02 2.154936698216303224e-16
9.990000000000000000e+02 2.161020301376544584e-16
1.000000000000000000e+03 2.147076214864306867e-16
1.001000000000000000e+03 2.146143260335807296e-16
1.002000000000000000e+03 2.112204761930806502e-16
1.003000000000000000e+03 2.116038574463035424e-16
1.004000000000000000e+03 2.129039246255465887e-16
1.005000000000000000e+03 2.119209077947171123e-16
1.006000000000000000e+03 2.122266559574362751e-16
1.007000000000000000e+03 2.123134622784069359e-16
1.008000000000000000e+03 2.114084684084858166e-16
1.009000000000000000e+03 2.097449107322359377e-16
1.010000000000000000e+03 2.122809865638402895e-16
1.011000000000000000e+03 2.073235319195958744e-16
1.012000000000000000e+03 2.096030091430236618e-16
1.013000000000000000e+03 2.078784217559408235e-16
1.014000000000000000e+03 2.066333355393634620e-16
1.015000000000000000e+03 2.044982084260270506e-16
1.016000000000000000e+03 2.069698979954918495e-16
1.017000000000000000e+03 2.085440330256015006e-16
1.018000000000000000e+03 2.042749302974829371e-16
1.019000000000000000e+03 2.054911708539424955e-16
1.020000000000000000e+03 2.061165110254352832e-16
1.021000000000000000e+03 2.019830705523087550e-16
1.022000000000000000e+03 2.027455842281506309e-16
1.023000000000000000e+03 2.050735515590856117e-16
1.024000000000000000e+03 2.053425325925045043e-16
1.025000000000000000e+03 2.055981877377431121e-16
1.026000000000000000e+03 2.043151062303206109e-16
1.027000000000000000e+03 2.048959708467751999e-16
1.028000000000000000e+03 2.044939941011444385e-16
1.029000000000000000e+03 2.041672198123916007e-16
1.030000000000000000e+03 2.058501362503463911e-16
1.031000000000000000e+03 2.083894981244503234e-16
1.032000000000000000e+03 2.084054490658435369e-16
1.033000000000000000e+03 2.087768985949070900e-16
1.034000000000000000e+03 2.092612682869468485e-16
1.035000000000000000e+03 2.153595580023012834e-16
1.036000000000000000e+03 2.182217907414233682e-16
1.037000000000000000e+03 2.204982270097943957e-16
1.038000000000000000e+03 2.213087705867598102e-16
1.039000000000000000e+03 2.241560047244697271e-16
1.040000000000000000e+03 2.242409382366317559e-16
1.041000000000000000e+03 2.241164557307239061e-16
1.042000000000000000e+03 2.233974982096571979e-16
1.043000000000000000e+03 2.241076661176358781e-16
1.044000000000000000e+03 2.248665146744538972e-16
1.045000000000000000e+03 2.225375843683736219e-16
1.046000000000000000e+03 2.234871271278194021e-16
1.047000000000000000e+03 2.276353693531302442e-16
1.048000000000000000e+03 2.245604320673653249e-16
1.049000000000000000e+03 2.225641381856796798e-16
1.050000000000000000e+03 2.123057304160002736e-16
1.051000000000000000e+03 2.114100213666712104e-16
1.052000000000000000e+03 2.103654094513186617e-16
1.053000000000000000e+03 2.089718023964046584e-16
1.054000000000000000e+03 2.085361614047070703e-16
1.055000000000000000e+03 2.069082226392734600e-16
1.056000000000000000e+03 2.038066998225640854e-16
1.057000000000000000e+03 2.045929074921656809e-16
1.058000000000000000e+03 2.011148493549946527e-16
1.059000000000000000e+03 2.018969042845968383e-16
1.060000000000000000e+03 1.948279711807503118e-16
1.061000000000000000e+03 1.988245420459357452e-16
1.062000000000000000e+03 2.014671497514218857e-16
1.063000000000000000e+03 2.070319514269334422e-16
1.064000000000000000e+03 2.108564455157318563e-16
1.065000000000000000e+03 2.093281319088826434e-16
1.066000000000000000e+03 2.098153365524834160e-16
1.067000000000000000e+03 2.150376537312478326e-16
1.068000000000000000e+03 2.127722308872308218e-16
1.069000000000000000e+03 2.124973975778650845e-16
1.070000000000000000e+03 2.125329297411620307e-16
1.071000000000000000e+03 2.127674089257935381e-16
1.072000000000000000e+03 2.169165142248056355e-16
1.073000000000000000e+03 2.121649612893708638e-16
1.074000000000000000e+03 2.126302265642005864e-16
1.075000000000000000e+03 2.121492930158962819e-16
1.076000000000000000e+03 2.134962139500469752e-16
1.077000000000000000e+03 2.104481083869756465e-16
1.078000000000000000e+03 2.156885926998139237e-16
1.079000000000000000e+03 2.149536658290234931e-16
1.080000000000000000e+03 2.145821985410739872e-16
1.081000000000000000e+03 2.154251003449588175e-16
1.082000000000000000e+03 2.129125985123478061e-16
1.083000000000000000e+03 2.140490980300321782e-16
1.084000000000000000e+03 2.144398617871697700e-16
1.085000000000000000e+03 2.136407161518123821e-16
1.086000000000000000e+03 2.197539874873341905e-16
1.087000000000000000e+03 2.172643473131400624e-16
1.088000000000000000e+03 2.148635332174644669e-16
1.089000000000000000e+03 2.168135697365033393e-16
1.090000000000000000e+03 2.132761983716242775e-16
1.091000000000000000e+03 2.121726982815964940e-16
1.092000000000000000e+03 2.145929082396789740e-16
1.093000000000000000e+03 2.176538638010793265e-16
1.094000000000000000e+03 2.151765435422532429e-16
1.095000000000000000e+03 2.177094790522238903e-16
1.096000000000000000e+03 2.152106799177053167e-16
1.097000000000000000e+03 2.138035482818978967e-16
1.098000000000000000e+03 2.174289956095534609e-16
1.099000000000000000e+03 2.124124052602877570e-16
1.100000000000000000e+03 2.093673381746261541e-16
1.101000000000000000e+03 2.123923111974879099e-16
1.102000000000000000e+03 2.156414009840242884e-16
1.103000000000000000e+03 2.185763712379187002e-16
1.104000000000000000e+03 2.178800067531047950e-16
1.105000000000000000e+03 2.171540084702028022e-16
1.106000000000000000e+03 2.154830048916884897e-16
1.107000000000000000e+03 2.134100810239878608e-16
1.108000000000000000e+03 2.119946760206754385e-16
1.109000000000000000e+03 2.125406533384492236e-16
1.110000000000000000e+03 2.146189152827680521e-16
1.111000000000000000e+03 2.193739993772246841e-16
1.112000000000000000e+03 2.202151457595128572e-16
1.113000000000000000e+03 2.190701712578835275e-16
1.114000000000000000e+03 2.179267137025804599e-16
1.115000000000000000e+03 2.177443491657509914e-16
1.116000000000000000e+03 2.148360276044712721e-16
1.117000000000000000e+03 2.170194098807639522e-16
1.118000000000000000e+03 2.198316611118245894e-16
1.119000000000000000e+03 2.191271125932943147e-16
1.120000000000000000e+03 2.204401505091854186e-16
1.121000000000000000e+03 2.211939556359276747e-16
1.122000000000000000e+03 2.192574225979292004e-16
1.123000000000000000e+03 2.233563450232927571e-16
1.124000000000000000e+03 2.251162220333912273e-16
1.125000000000000000e+03 2.229427386653451962e-16
1.126000000000000000e+03 2.237842249800663608e-16
1.127000000000000000e+03 2.210915178582828809e-16
1.128000000000000000e+03 2.210068595340552036e-16
1.129000000000000000e+03 2.205026937993427484e-16
1.130000000000000000e+03 2.255431287291482284e-16
1.131000000000000000e+03 2.210616312315584180e-16
1.132000000000000000e+03 2.221904336643323565e-16
1.133000000000000000e+03 2.214268621037324666e-16
1.134000000000000000e+03 2.214075861583229226e-16
1.135000000000000000e+03 2.190117160724693132e-16
1.136000000000000000e+03 2.159274375156219684e-16
1.137000000000000000e+03 2.191376001728518345e-16
1.138000000000000000e+03 2.140751711382219117e-16
1.139000000000000000e+03 2.143709552358766299e-16
1.140000000000000000e+03 2.120873823445409701e-16
1.141000000000000000e+03 2.094802112220185272e-16
1.142000000000000000e+03 2.077457152367577971e-16
1.143000000000000000e+03 2.101124297732317098e-16
1.144000000000000000e+03 2.112158131033940101e-16
1.145000000000000000e+03 2.154845284854252978e-16
1.146000000000000000e+03 2.106436089352647214e-16
1.147000000000000000e+03 2.099670629831993673e-16
1.148000000000000000e+03 2.072877007275328930e-16
1.149000000000000000e+03 2.043390071621111178e-16
1.150000000000000000e+03 2.060081697305805105e-16
1.151000000000000000e+03 2.061706603231306746e-16
1.152000000000000000e+03 2.048300646755585003e-16
1.153000000000000000e+03 2.050625448258259300e-16
1.154000000000000000e+03 2.074628385949227447e-16
1.155000000000000000e+03 2.081721679860469513e-16
1.156000000000000000e+03 2.082263739709172873e-16
1.157000000000000000e+03 2.059683240449316763e-16
1.158000000000000000e+03 2.073836985544706720e-16
1.159000000000000000e+03 2.079733576092087373e-16
1.160000000000000000e+03 2.076431651016005808e-16
1.161000000000000000e+03 2.065890415520216053e-16
1.162000000000000000e+03 2.030762628200702010e-16
1.163000000000000000e+03 2.048815494238827326e-16
1.164000000000000000e+03 2.064459646984323735e-16
1.165000000000000000e+03 2.070937880999684445e-16
1.166000000000000000e+03 2.068828332288329330e-16
1.167000000000000000e+03 2.073805323246671167e-16
1.168000000000000000e+03 2.047122220741798318e-16
1.169000000000000000e+03 2.070097491413371379e-16
1.170000000000000000e+03 2.081074965665369962e-16
1.171000000000000000e+03 2.050209140188959941e-16
1.172000000000000000e+03 2.066700744678555107e-16
1.173000000000000000e+03 2.042749302974829371e-16
1.174000000000000000e+03 2.047677448097534566e-16
1.175000000000000000e+03 2.027552999076026188e-16
1.176000000000000000e+03 2.022947098758595671e-16
1.177000000000000000e+03 2.066049328639788133e-16
1.178000000000000000e+03 2.009237620522538230e-16
1.179000000000000000e+03 1.979706616938681630e-16
1.180000000000000000e+03 1.971913496496929132e-16
1.181000000000000000e+03 1.969881235141926527e-16
1.182000000000000000e+03 1.952050744928624212e-16
1.183000000000000000e+03 1.951159149780680390e-16
1.184000000000000000e+03 1.971080855899525239e-16
1.185000000000000000e+03 1.946813100007153745e-16
1.186000000000000000e+03 1.977698964451314019e-16
1.187000000000000000e+03 1.964306745762409273e-16
1.188000000000000000e+03 2.012160357328141304e-16
1.189000000000000000e+03 2.012829213640563007e-16
1.190000000000000000e+03 1.987549708210900568e-16
1.191000000000000000e+03 1.981264876748261392e-16
1.192000000000000000e+03 1.950778415479836289e-16
1.193000000000000000e+03 1.966461640143129749e-16
1.194000000000000000e+03 1.971480567273416454e-16
1.195000000000000000e+03 2.049165997289224015e-16
1.196000000000000000e+03 2.007455768849123239e-16
1.197000000000000000e+03 2.005868753276178951e-16
1.198000000000000000e+03 2.000378140329896173e-16
1.199000000000000000e+03 2.007684719046818879e-16
1.200000000000000000e+03 2.033535365599385640e-16
1.201000000000000000e+03 2.058902041321568040e-16
1.202000000000000000e+03 2.057482369982773520e-16
1.203000000000000000e+03 2.038421362724757171e-16
1.204000000000000000e+03 2.025088230402050958e-16
1.205000000000000000e+03 2.056812072398567978e-16
1.206000000000000000e+03 2.070002331470947303e-16
1.207000000000000000e+03 2.025452970236737715e-16
1.208000000000000000e+03 2.058054742957936682e-16
1.209000000000000000e+03 2.134052734749819999e-16
1.210000000000000000e+03 2.156840262108493273e-16
1.211000000000000000e+03 2.176680046188195107e-16
1.212000000000000000e+03 2.172341230670545465e-16
1.213000000000000000e+03 2.168044840525163972e-16
1.214000000000000000e+03 2.171872671733744436e-16
1.215000000000000000e+03 2.161918362327497895e-16
1.216000000000000000e+03 2.163466783567988506e-16
1.217000000000000000e+03 2.154631971927021884e-16
1.218000000000000000e+03 2.209518885233262188e-16
1.219000000000000000e+03 2.212177025484687410e-16
1.220000000000000000e+03 2.252649298158041695e-16
1.221000000000000000e+03 2.268523168208065921e-16
1.222000000000000000e+03 2.216373055711121033e-16
1.223000000000000000e+03 2.241763257988941778e-16
1.224000000000000000e+03 2.207376310600632689e-16
1.225000000000000000e+03 2.231554306574414075e-16
1.226000000000000000e+03 2.228956098753322038e-16
1.227000000000000000e+03 2.204937601297572630e-16
1.228000000000000000e+03 2.188107510447504596e-16
1.229000000000000000e+03 2.183315899569309058e-16
1.230000000000000000e+03 2.189942889120179060e-16
1.231000000000000000e+03 2.202255815247763144e-16
1.232000000000000000e+03 2.182202862589977936e-16
1.233000000000000000e+03 2.196551753464248741e-16
1.234000000000000000e+03 2.233093035237361058e-16
1.235000000000000000e+03 2.204019829391286969e-16
1.236000000000000000e+03 2.256630052597470016e-16
1.237000000000000000e+03 2.242833929314632305e-16
1.238000000000000000e+03 2.265568875190147484e-16
1.239000000000000000e+03 2.271768091874966949e-16
1.240000000000000000e+03 2.272427356249637826e-16
1.241000000000000000e+03 2.257293738186625874e-16
1.242000000000000000e+03 2.251760085342283211e-16
1.243000000000000000e+03 2.252824183955213021e-16
1.244000000000000000e+03 2.239807276400563472e-16
1.245000000000000000e+03 2.255445843649715324e-16
1.246000000000000000e+03 2.253106522996207884e-16
1.247000000000000000e+03 2.206215888123998181e-16
1.248000000000000000e+03 2.198884052552565803e-16
1.249000000000000000e+03 2.191643786793616928e-16
1.250000000000000000e+03 2.178097391339364884e-16
1.251000000000000000e+03 2.176402877516640773e-16
1.252000000000000000e+03 2.167211808669685220e-16
1.253000000000000000e+03 2.180682800685636243e-16
1.254000000000000000e+03 2.195355700147436354e-16
1.255000000000000000e+03 2.167560206392656102e-16
1.256000000000000000e+03 2.176493385453649870e-16
1.257000000000000000e+03 2.199078143639969010e-16
1.258000000000000000e+03 2.190641765721175617e-16
1.259000000000000000e+03 2.203990037287617186e-16
1.260000000000000000e+03 2.175616431372891504e-16
1.261000000000000000e+03 2.137881920583631238e-16
1.262000000000000000e+03 2.134746839766239022e-16
1.263000000000000000e+03 2.140972157741239251e-16
1.264000000000000000e+03 2.143724867332019727e-16
1.265000000000000000e+03 2.102155323183724018e-16
1.266000000000000000e+03 2.106210079822775591e-16
1.267000000000000000e+03 2.115497409201271168e-16
1.268000000000000000e+03 2.154388159862266536e-16
1.269000000000000000e+03 2.121492930158962819e-16
1.270000000000000000e+03 2.101186798524817698e-16
1.271000000000000000e+03 2.117498448415958602e-16
1.272000000000000000e+03 2.163573007135709331e-16
1.273000000000000000e+03 2.150956625800620618e-16
1.274000000000000000e+03 2.132151923450936711e-16
1.275000000000000000e+03 2.139478429075294136e-16
1.276000000000000000e+03 2.129665614257134816e-16
1.277000000000000000e+03 2.120571943386600878e-16
1.278000000000000000e+03 2.105151798786616036e-16
1.279000000000000000e+03 2.083548350794828052e-16
1.280000000000000000e+03 2.115683632223599589e-16
1.281000000000000000e+03 2.180146387394729171e-16
1.282000000000000000e+03 2.166088602083984307e-16
1.283000000000000000e+03 2.145837285307427893e-16
1.284000000000000000e+03 2.135684772723534687e-16
1.285000000000000000e+03 2.161052584874192817e-16
1.286000000000000000e+03 2.151185565037924010e-16
1.287000000000000000e+03 2.178300870494269978e-16
1.288000000000000000e+03 2.231033803406128818e-16
1.289000000000000000e+03 2.234900651722920505e-16
1.290000000000000000e+03 2.259793989445089755e-16
1.291000000000000000e+03 2.248842167260326878e-16
1.292000000000000000e+03 2.263249084231848875e-16
1.293000000000000000e+03 2.245525736232401109e-16
1.294000000000000000e+03 2.282244919575874443e-16
1.295000000000000000e+03 2.309699721690781644e-16
1.296000000000000000e+03 2.279682882989103496e-16
1.297000000000000000e+03 2.296256429864279948e-16
1.298000000000000000e+03 2.278024300957378656e-16
1.299000000000000000e+03 2.269888589911642696e-16
1.300000000000000000e+03 2.309870288068147731e-16
1.301000000000000000e+03 2.262276965153536300e-16
1.302000000000000000e+03 2.265380480838778007e-16
1.303000000000000000e+03 2.240695738099964101e-16
1.304000000000000000e+03 2.246008164770631514e-16
1.305000000000000000e+03 2.245363075977033028e-16
1.306000000000000000e+03 2.222177676773050156e-16
1.307000000000000000e+03 2.257046469928717452e-16
1.308000000000000000e+03 2.252691199117041013e-16
1.309000000000000000e+03 2.244310068379973911e-16
1.310000000000000000e+03 2.241675385333125818e-16
1.311000000000000000e+03 2.270806848681972767e-16
1.312000000000000000e+03 2.257904520142955147e-16
1.313000000000000000e+03 2.248141303379730034e-16
1.314000000000000000e+03 2.203274905947248802e-16
1.315000000000000000e+03 2.226762193934638237e-16
1.316000000000000000e+03 2.250155698648379677e-16
1.317000000000000000e+03 2.202807337853383978e-16
1.318000000000000000e+03 2.150330734188026449e-16
1.319000000000000000e+03 2.152604444845725727e-16
1.320000000000000000e+03 2.123382023461594951e-16
1.321000000000000000e+03 2.132346314910349164e-16
1.322000000000000000e+03 2.130436275912133185e-16
1.323000000000000000e+03 2.129218502687969124e-16
1.324000000000000000e+03 2.116195661037305000e-16
1.325000000000000000e+03 2.113137163775920861e-16
1.326000000000000000e+03 2.112266934858619427e-16
1.327000000000000000e+03 2.150115064698213836e-16
1.328000000000000000e+03 2.136806675933964782e-16
1.329000000000000000e+03 2.135023649722474162e-16
1.330000000000000000e+03 2.133393029628440783e-16
1.331000000000000000e+03 2.131281756331124062e-16
1.332000000000000000e+03 2.083755154308633425e-16
1.333000000000000000e+03 2.132854343560764293e-16
1.334000000000000000e+03 2.139094761784039995e-16
1.335000000000000000e+03 2.159867274394732742e-16
1.336000000000000000e+03 2.187447222623762547e-16
1.337000000000000000e+03 2.238159483709835404e-16
1.338000000000000000e+03 2.194983669489639587e-16
1.339000000000000000e+03 2.147932340943251585e-16
1.340000000000000000e+03 2.122144731653058956e-16
1.341000000000000000e+03 2.102904842373016399e-16
1.342000000000000000e+03 2.160900658326708528e-16
1.343000000000000000e+03 2.143449181071329908e-16
1.344000000000000000e+03 2.137252200063525704e-16
1.345000000000000000e+03 2.163603355768607918e-16
1.346000000000000000e+03 2.165150571975627526e-16
1.347000000000000000e+03 2.165044425807966688e-16
1.348000000000000000e+03 2.164741122363801580e-16
1.349000000000000000e+03 2.190132151182721367e-16
1.350000000000000000e+03 2.199585685512784586e-16
1.351000000000000000e+03 2.195252883908488120e-16
1.352000000000000000e+03 2.196209823466362968e-16
1.353000000000000000e+03 2.195895873641879907e-16
1.354000000000000000e+03 2.173821817199048882e-16
1.355000000000000000e+03 2.187342158456278900e-16
1.356000000000000000e+03 2.172356343792307625e-16
1.357000000000000000e+03 2.185495206838543572e-16
1.358000000000000000e+03 2.229679558398973222e-16
1.359000000000000000e+03 2.252299485825277613e-16
1.360000000000000000e+03 2.235561609646972409e-16
1.361000000000000000e+03 2.239523260710260932e-16
1.362000000000000000e+03 2.187507257025279898e-16
1.363000000000000000e+03 2.242175115156950851e-16
1.364000000000000000e+03 2.240540053779456567e-16
1.365000000000000000e+03 2.234900651722920505e-16
1.366000000000000000e+03 2.177011847976492903e-16
1.367000000000000000e+03 2.166681530732223657e-16
1.368000000000000000e+03 2.150483407475687620e-16
1.369000000000000000e+03 2.145668980443502829e-16
1.370000000000000000e+03 2.132669619871878952e-16
1.371000000000000000e+03 2.162920408530410140e-16
1.372000000000000000e+03 2.123753070439914532e-16
1.373000000000000000e+03 2.110183144580822962e-16
1.374000000000000000e+03 2.102067471409442761e-16
1.375000000000000000e+03 2.101921043625978843e-16
1.376000000000000000e+03 2.099905160461067872e-16
1.377000000000000000e+03 2.094864801636611469e-16
1.378000000000000000e+03 2.078486096655741475e-16
1.379000000000000000e+03 2.090126462731437837e-16
1.380000000000000000e+03 2.104574684829788018e-16
1.381000000000000000e+03 2.131607148004887852e-16
1.382000000000000000e+03 2.159082408147049877e-16
1.383000000000000000e+03 2.169619153825831222e-16
1.384000000000000000e+03 2.161979105621204388e-16
1.385000000000000000e+03 2.131807364348511732e-16
1.386000000000000000e+03 2.152594912484676023e-16
1.387000000000000000e+03 2.155012873055912116e-16
1.388000000000000000e+03 2.144628257176984752e-16
1.389000000000000000e+03 2.109342826267465538e-16
1.390000000000000000e+03 2.093955621405371835e-16
1.391000000000000000e+03 2.069193295267156672e-16
1.392000000000000000e+03 2.105229775025006383e-16
1.393000000000000000e+03 2.153946180152675175e-16
1.394000000000000000e+03 2.146173855439426951e-16
1.395000000000000000e+03 2.165105081398129333e-16
1.396000000000000000e+03 2.186276222295415767e-16
1.397000000000000000e+03 2.173731198025597268e-16
1.398000000000000000e+03 2.184020654873016733e-16
1.399000000000000000e+03 2.213616136686343393e-16
1.400000000000000000e+03 2.167484472521005150e-16
1.401000000000000000e+03 2.136898860961074104e-16
1.402000000000000000e+03 2.132423296728175626e-16
1.403000000000000000e+03 2.150542565460902994e-16
1.404000000000000000e+03 2.141135081766788220e-16
1.405000000000000000e+03 2.155165214657875360e-16
1.406000000000000000e+03 2.159289579734442455e-16
1.407000000000000000e+03 2.172960782470128864e-16
1.408000000000000000e+03 2.161082968902017058e-16
1.409000000000000000e+03 2.137042892105046221e-16
1.410000000000000000e+03 2.168852954158052494e-16
1.411000000000000000e+03 2.136745217039717544e-16
1.412000000000000000e+03 2.151399219679140051e-16
1.413000000000000000e+03 2.212325430744063893e-16
1.414000000000000000e+03 2.221492416039357663e-16
1.415000000000000000e+03 2.197455836467792294e-16
1.416000000000000000e+03 2.222532230090618266e-16
1.417000000000000000e+03 2.187252099438790359e-16
1.418000000000000000e+03 2.194220715928459216e-16
1.419000000000000000e+03 2.198630215277486659e-16
1.420000000000000000e+03 2.210811229681019558e-16
1.421000000000000000e+03 2.203448123117404584e-16
1.422000000000000000e+03 2.140567669209349384e-16
1.423000000000000000e+03 2.133900809082158193e-16
1.424000000000000000e+03 2.115062825052800070e-16
1.425000000000000000e+03 2.139800656437698765e-16
1.426000000000000000e+03 2.110733449520096818e-16
1.427000000000000000e+03 2.093326410031104581e-16
1.428000000000000000e+03 2.129896842032768813e-16
1.429000000000000000e+03 2.062900570451053902e-16
1.430000000000000000e+03 2.094159437502353513e-16
1.431000000000000000e+03 2.033371893177897166e-16
1.432000000000000000e+03 2.037068002979228071e-16
1.433000000000000000e+03 2.035891138270658016e-16
1.434000000000000000e+03 2.019781941978763313e-16
1.435000000000000000e+03 1.970081222662110505e-16
1.436000000000000000e+03 1.923775539697127789e-16
1.437000000000000000e+03 1.940208088444512012e-16
1.438000000000000000e+03 1.960425316242456362e-16
1.439000000000000000e+03 1.940631076493437441e-16
1.440000000000000000e+03 1.955082065752867433e-16
1.441000000000000000e+03 1.999770789966082538e-16
1.442000000000000000e+03 1.985833126985255337e-16
1.443000000000000000e+03 1.977831764721029756e-16
1.444000000000000000e+03 1.985932320068540066e-16
1.445000000000000000e+03 1.991990239218973675e-16
1.446000000000000000e+03 2.003575998879238973e-16
1.447000000000000000e+03 1.991396817105772785e-16
1.448000000000000000e+03 1.980717967733425312e-16
1.449000000000000000e+03 2.002828239543882959e-16
1.450000000000000000e+03 1.987023117168333217e-16
1.451000000000000000e+03 1.973633867026053186e-16
1.452000000000000000e+03 1.957676904352818570e-16
1.453000000000000000e+03 1.941206192327289099e-16
1.454000000000000000e+03 1.935735693061252260e-16
1.455000000000000000e+03 1.935515194496367257e-16
1.456000000000000000e+03 1.862653644577914834e-16
1.457000000000000000e+03 1.890149820466934846e-16
1.458000000000000000e+03 1.879699225337262094e-16
1.459000000000000000e+03 1.873630884431307290e-16
1.460000000000000000e+03 1.915446412894547598e-16
1.461000000000000000e+03 1.924884503927977876e-16
1.462000000000000000e+03 1.900033284591803118e-16
1.463000000000000000e+03 1.921931538125901197e-16
1.464000000000000000e+03 1.968303538371080139e-16
1.465000000000000000e+03 1.961262480581698035e-16
1.466000000000000000e+03 1.937786822266661609e-16
1.467000000000000000e+03 1.926435981370046422e-16
1.468000000000000000e+03 1.950368148947812064e-16
1.469000000000000000e+03 1.934724161221014144e-16
1.470000000000000000e+03 1.897138981405850501e-16
1.471000000000000000e+03 1.957733503543222866e-16
1.472000000000000000e+03 1.975971748753425106e-16
1.473000000000000000e+03 1.943437381977331095e-16
1.474000000000000000e+03 1.978794300138431549e-16
1.475000000000000000e+03 2.014964803136400895e-16
1.476000000000000000e+03 2.026004008070704089e-16
1.477000000000000000e+03 2.020708248095425972e-16
1.478000000000000000e+03 2.059507895010287680e-16
1.479000000000000000e+03 1.994938244914740456e-16
1.480000000000000000e+03 1.936928917813589020e-16
1.481000000000000000e+03 1.981561056105943255e-16
1.482000000000000000e+03 1.968630852852959785e-16
1.483000000000000000e+03 1.974658719459670963e-16
1.484000000000000000e+03 1.987120185615153783e-16
1.485000000000000000e+03 2.017586362656138231e-16
1.486000000000000000e+03 1.962868835228147642e-16
1.487000000000000000e+03 1.954454340395696224e-16
1.488000000000000000e+03 1.973694167194417540e-16
1.489000000000000000e+03 1.894385405813464039e-16
1.490000000000000000e+03 1.941694484141957013e-16
1.491000000000000000e+03 1.926095104466006617e-16
1.492000000000000000e+03 1.930164644773996422e-16
1.493000000000000000e+03 1.956838206051613157e-16
1.494000000000000000e+03 1.968830967382961154e-16
1.495000000000000000e+03 1.941256929661862488e-16
1.496000000000000000e+03 1.949004181373048697e-16
1.497000000000000000e+03 1.958582295126611730e-16
1.498000000000000000e+03 1.963420716108541149e-16
1.499000000000000000e+03 1.963855422115948306e-16
1.500000000000000000e+03 2.006163345879907072e-16
