0.000000000000000000e+00 9.926328722544000005e-01
1.000000000000000000e+00 9.925723857743160572e-01
2.000000000000000000e+00 9.924506242042372417e-01
3.000000000000000000e+00 9.922653243129294642e-01
4.000000000000000000e+00 9.920126858220653654e-01
5.000000000000000000e+00 9.916872486927679198e-01
6.000000000000000000e+00 9.912817050702920074e-01
7.000000000000000000e+00 9.907866374038244439e-01
8.000000000000000000e+00 9.901901704078388544e-01
9.000000000000000000e+00 9.894775200363289391e-01
1.000000000000000000e+01 9.886304172575911542e-01
1.100000000000000000e+01 9.876263778769458490e-01
1.200000000000000000e+01 9.864377816720506509e-01
1.300000000000000000e+01 9.850307144022185657e-01
1.400000000000000000e+01 9.833635146214283473e-01
1.500000000000000000e+01 9.813849536595417034e-01
1.600000000000000000e+01 9.790319621025097563e-01
1.700000000000000000e+01 9.762268010534469465e-01
1.800000000000000000e+01 9.728735648219154486e-01
1.900000000000000000e+01 9.688539007300475125e-01
2.000000000000000000e+01 9.640218559764236472e-01
2.100000000000000000e+01 9.581978390550422997e-01
2.200000000000000000e+01 9.511618669361441292e-01
2.300000000000000000e+01 9.426466557934501944e-01
2.400000000000000000e+01 9.323318730496260587e-01
2.500000000000000000e+01 9.198422846255501772e-01
2.600000000000000000e+01 9.047550180248586926e-01
2.700000000000000000e+01 8.866251566036743581e-01
2.800000000000000000e+01 8.650442680234200488e-01
2.900000000000000000e+01 8.397507224204694420e-01
3.000000000000000000e+01 8.108044331386856651e-01
3.100000000000000000e+01 7.787999496925428478e-01
3.200000000000000000e+01 7.449942391931647645e-01
3.300000000000000000e+01 7.111079477815444028e-01
3.400000000000000000e+01 6.786573346297488651e-01
3.500000000000000000e+01 6.482361067360076223e-01
3.600000000000000000e+01 6.195594544857644381e-01
3.700000000000000000e+01 5.921983726838569995e-01
3.800000000000000000e+01 5.660057715073887330e-01
3.900000000000000000e+01 5.409835862023020248e-01
4.000000000000000000e+01 5.170902718823434663e-01
4.100000000000000000e+01 4.942061561352431576e-01
4.200000000000000000e+01 4.721794238647326059e-01
4.300000000000000000e+01 4.508729047251732736e-01
4.400000000000000000e+01 4.301868432046346835e-01
4.500000000000000000e+01 4.100613365098570440e-01
4.600000000000000000e+01 3.904689847772349620e-01
4.700000000000000000e+01 3.714055073915467631e-01
4.800000000000000000e+01 3.528816953812811130e-01
4.900000000000000000e+01 3.349173297777015001e-01
5.000000000000000000e+01 3.175366726009565266e-01
5.100000000000000000e+01 3.007650188555578419e-01
5.200000000000000000e+01 2.846259729628251578e-01
5.300000000000000000e+01 2.691393027447572250e-01
5.400000000000000000e+01 2.543193437140780500e-01
5.500000000000000000e+01 2.401739708492381942e-01
5.600000000000000000e+01 2.267041444822868179e-01
5.700000000000000000e+01 2.139039966280635863e-01
5.800000000000000000e+01 2.017613767258913948e-01
5.900000000000000000e+01 1.902587381895746999e-01
6.000000000000000000e+01 1.793742288545756569e-01
6.100000000000000000e+01 1.690828515313701208e-01
6.200000000000000000e+01 1.593575817293239605e-01
6.300000000000000000e+01 1.501703611335963306e-01
6.400000000000000000e+01 1.414929198233818575e-01
6.500000000000000000e+01 1.332974111475980772e-01
6.600000000000000000e+01 1.255568667697233576e-01
6.700000000000000000e+01 1.182454943993695995e-01
6.800000000000000000e+01 1.113388478727460190e-01
6.900000000000000000e+01 1.048139003636514160e-01
7.000000000000000000e+01 9.864904874564224546e-02
7.100000000000000000e+01 9.282407239659402898e-02
7.200000000000000000e+01 8.732006446107014319e-02
7.300000000000000000e+01 8.211934865634555603e-02
7.400000000000000000e+01 7.722680980999797884e-02
7.500000000000000000e+01 7.265775550266187488e-02
7.600000000000000000e+01 6.838695559760468723e-02
7.700000000000000000e+01 6.439162908810711072e-02
7.800000000000000000e+01 6.065114887248931885e-02
7.900000000000000000e+01 5.714678789653231117e-02
8.000000000000000000e+01 5.386150079735391172e-02
8.100000000000000000e+01 5.077973552829866122e-02
8.200000000000000000e+01 4.788727033042317754e-02
8.300000000000000000e+01 4.517107217993966695e-02
8.400000000000000000e+01 4.261917348326447336e-02
8.500000000000000000e+01 4.022056432380283902e-02
8.600000000000000000e+01 3.796509800357343589e-02
8.700000000000000000e+01 3.584340798438032105e-02
8.800000000000000000e+01 3.384683463170233553e-02
8.900000000000000000e+01 3.196736041166600706e-02
9.000000000000000000e+01 3.019755239703196883e-02
9.100000000000000000e+01 2.853051110976824803e-02
9.200000000000000000e+01 2.695982487165150127e-02
9.300000000000000000e+01 2.547952895532952511e-02
9.400000000000000000e+01 2.408406893032847412e-02
9.500000000000000000e+01 2.276826768476698445e-02
9.600000000000000000e+01 2.152729567663374047e-02
9.700000000000000000e+01 2.035664403051399771e-02
9.800000000000000000e+01 1.925210014836852349e-02
9.900000000000000000e+01 1.820972554783336500e-02
1.000000000000000000e+02 1.722583567973967611e-02
1.010000000000000000e+02 1.629698150917412158e-02
1.020000000000000000e+02 1.541993267227219355e-02
1.030000000000000000e+02 1.459166204478600307e-02
1.040000000000000000e+02 1.380933157890701542e-02
1.050000000000000000e+02 1.307027928237275427e-02
1.060000000000000000e+02 1.237200722897860948e-02
1.070000000000000000e+02 1.171217050262569545e-02
1.080000000000000000e+02 1.108856698827266618e-02
1.090000000000000000e+02 1.049912793288798087e-02
1.100000000000000000e+02 9.941909207944965576e-03
1.110000000000000000e+02 9.415083212349699762e-03
1.120000000000000000e+02 8.916931361104571060e-03
1.130000000000000000e+02 8.445837110620531274e-03
1.140000000000000000e+02 8.000279476513884672e-03
1.150000000000000000e+02 7.578827004054555089e-03
1.160000000000000000e+02 7.180132155256679569e-03
1.170000000000000000e+02 6.802926079982635904e-03
1.180000000000000000e+02 6.446013741436014584e-03
1.190000000000000000e+02 6.108269369088489310e-03
1.200000000000000000e+02 5.788632214470131043e-03
1.210000000000000000e+02 5.486102587385345737e-03
1.220000000000000000e+02 5.199738152028920458e-03
1.230000000000000000e+02 4.928650464196768395e-03
1.240000000000000000e+02 4.672001732335939565e-03
1.250000000000000000e+02 4.429001786578640881e-03
1.260000000000000000e+02 4.198905241171958444e-03
1.270000000000000000e+02 3.981008836864798235e-03
1.280000000000000000e+02 3.774648950858256087e-03
1.290000000000000000e+02 3.579199262876395487e-03
1.300000000000000000e+02 3.394068566781869786e-03
1.310000000000000000e+02 3.218698717953603992e-03
1.320000000000000000e+02 3.052562707367597640e-03
1.330000000000000000e+02 2.895162853986978091e-03
1.340000000000000000e+02 2.746029107676070842e-03
1.350000000000000000e+02 2.604717455412922100e-03
1.360000000000000000e+02 2.470808424089122445e-03
1.370000000000000000e+02 2.343905673660409434e-03
1.380000000000000000e+02 2.223634674846311585e-03
1.390000000000000000e+02 2.109641465982514067e-03
1.400000000000000000e+02 2.001591483998959014e-03
1.410000000000000000e+02 1.899168464842211287e-03
1.420000000000000000e+02 1.802073408977916593e-03
1.430000000000000000e+02 1.710023607903677235e-03
1.440000000000000000e+02 1.622751727875010232e-03
1.450000000000000000e+02 1.540004947300455942e-03
1.460000000000000000e+02 1.461544144495966141e-03
1.470000000000000000e+02 1.387143132706420041e-03
1.480000000000000000e+02 1.316587939504400414e-03
1.490000000000000000e+02 1.249676127864359203e-03
1.500000000000000000e+02 1.186216156384807150e-03
1.510000000000000000e+02 1.126026776294016072e-03
1.520000000000000000e+02 1.068936463025776072e-03
1.530000000000000000e+02 1.014782880292840455e-03
1.540000000000000000e+02 9.634123747172938399e-04
1.550000000000000000e+02 9.146794991988779289e-04
1.560000000000000000e+02 8.684465633169508514e-04
1.570000000000000000e+02 8.245832091683741793e-04
1.580000000000000000e+02 7.829660111424647292e-04
1.590000000000000000e+02 7.434780982279630889e-04
1.600000000000000000e+02 7.060087975323940147e-04
1.610000000000000000e+02 6.704532977765790018e-04
1.620000000000000000e+02 6.367123316018485175e-04
1.630000000000000000e+02 6.046918755988792919e-04
1.640000000000000000e+02 5.743028670332870223e-04
1.650000000000000000e+02 5.454609363044247245e-04
1.660000000000000000e+02 5.180861542335187106e-04
1.670000000000000000e+02 4.921027933295397689e-04
1.680000000000000000e+02 4.674391022339092127e-04
1.690000000000000000e+02 4.440270925918149620e-04
1.700000000000000000e+02 4.218023376429606668e-04
1.710000000000000000e+02 4.007037818664085601e-04
1.720000000000000000e+02 3.806735610537016995e-04
1.730000000000000000e+02 3.616568322207683946e-04
1.740000000000000000e+02 3.436016128045338617e-04
1.750000000000000000e+02 3.264586286215803647e-04
1.760000000000000000e+02 3.101811700978560245e-04
1.770000000000000000e+02 2.947249563057471075e-04
1.780000000000000000e+02 2.800480063730004612e-04
1.790000000000000000e+02 2.661105178519717110e-04
1.800000000000000000e+02 2.528747516625812360e-04
1.810000000000000000e+02 2.403049232434246042e-04
1.820000000000000000e+02 2.283670995677214899e-04
1.830000000000000000e+02 2.170291016993496644e-04
1.840000000000000000e+02 2.062604125831981228e-04
1.850000000000000000e+02 1.960320897818773633e-04
1.860000000000000000e+02 1.863166828864940797e-04
1.870000000000000000e+02 1.770881553449637222e-04
1.880000000000000000e+02 1.683218104660218531e-04
1.890000000000000000e+02 1.599942213704502367e-04
1.900000000000000000e+02 1.520831646738772503e-04
1.910000000000000000e+02 1.445675576980764542e-04
1.920000000000000000e+02 1.374273990184540447e-04
1.930000000000000000e+02 1.306437121666476238e-04
1.940000000000000000e+02 1.241984923170433124e-04
1.950000000000000000e+02 1.180746557955179144e-04
1.960000000000000000e+02 1.122559922580868415e-04
1.970000000000000000e+02 1.067271193949744673e-04
1.980000000000000000e+02 1.014734400240269359e-04
1.990000000000000000e+02 9.648110144513624047e-05
2.000000000000000000e+02 9.173695693365501455e-05
2.010000000000000000e+02 8.722852925844711241e-05
2.020000000000000000e+02 8.294397611558401370e-05
2.030000000000000000e+02 7.887205737554291510e-05
2.040000000000000000e+02 7.500210404672617512e-05
2.050000000000000000e+02 7.132398886374546703e-05
2.060000000000000000e+02 6.782809841362264414e-05
2.070000000000000000e+02 6.450530671850161009e-05
2.080000000000000000e+02 6.134695019679600682e-05
2.090000000000000000e+02 5.834480392989344966e-05
2.100000000000000000e+02 5.549105916531325448e-05
2.110000000000000000e+02 5.277830199020278458e-05
2.120000000000000000e+02 5.019949311377267290e-05
2.130000000000000000e+02 4.774794869986279751e-05
2.140000000000000000e+02 4.541732219417684473e-05
2.150000000000000000e+02 4.320158709351064943e-05
2.160000000000000000e+02 4.109502060772051872e-05
2.170000000000000000e+02 3.909218816721605930e-05
2.180000000000000000e+02 3.718792873142689559e-05
2.190000000000000000e+02 3.537734085637635797e-05
2.200000000000000000e+02 3.365576948150419918e-05
2.210000000000000000e+02 3.201879339780827150e-05
2.220000000000000000e+02 3.046221336194532688e-05
2.230000000000000000e+02 2.898204082227478823e-05
2.240000000000000000e+02 2.757448722499466427e-05
2.250000000000000000e+02 2.623595386996275828e-05
2.260000000000000000e+02 2.496302228762767742e-05
2.270000000000000000e+02 2.375244510987608687e-05
2.280000000000000000e+02 2.260113740918195959e-05
2.290000000000000000e+02 2.150616848139650156e-05
2.300000000000000000e+02 2.046475404957080258e-05
2.310000000000000000e+02 1.947424886650490179e-05
2.320000000000000000e+02 1.853213969572062311e-05
2.330000000000000000e+02 1.763603865097926286e-05
2.340000000000000000e+02 1.678367687583457902e-05
2.350000000000000000e+02 1.597289854580773497e-05
2.360000000000000000e+02 1.520165517611716297e-05
2.370000000000000000e+02 1.446800021977293139e-05
2.380000000000000000e+02 1.377008394028932048e-05
2.390000000000000000e+02 1.310614854560595889e-05
2.400000000000000000e+02 1.247452356924203459e-05
2.410000000000000000e+02 1.187362148606120695e-05
2.420000000000000000e+02 1.130193355092651693e-05
2.430000000000000000e+02 1.075802584819495386e-05
2.440000000000000000e+02 1.024053554161683280e-05
2.450000000000000000e+02 9.748167314403009722e-06
2.460000000000000000e+02 9.279689989398818119e-06
2.470000000000000000e+02 8.833933320355574252e-06
2.480000000000000000e+02 8.409784945574818853e-06
2.490000000000000000e+02 8.006187495349769291e-06
2.500000000000000000e+02 7.622135845626634711e-06
2.510000000000000000e+02 7.256674510348025070e-06
2.520000000000000000e+02 6.908895165207027739e-06
2.530000000000000000e+02 6.577934296361415459e-06
2.540000000000000000e+02 6.262970967542220768e-06
2.550000000000000000e+02 5.963224699744535876e-06
2.560000000000000000e+02 5.677953457360291961e-06
2.570000000000000000e+02 5.406451735854924511e-06
2.580000000000000000e+02 5.148048745509661198e-06
2.590000000000000000e+02 4.902106686228339697e-06
2.600000000000000000e+02 4.668019109230740031e-06
2.610000000000000000e+02 4.445209360765567317e-06
2.620000000000000000e+02 4.233129103906782205e-06
2.630000000000000000e+02 4.031256914432940599e-06
2.640000000000000000e+02 3.839096947122512571e-06
2.650000000000000000e+02 3.656177668723343821e-06
2.660000000000000000e+02 3.482050654266741281e-06
2.670000000000000000e+02 3.316289443824697796e-06
2.680000000000000000e+02 3.158488455972501888e-06
2.690000000000000000e+02 3.008261956037948049e-06
2.700000000000000000e+02 2.865243075393087434e-06
2.710000000000000000e+02 2.729082880055455242e-06
2.720000000000000000e+02 2.599449485420493715e-06
2.730000000000000000e+02 2.476027215322281034e-06
2.740000000000000000e+02 2.358515802958313480e-06
2.750000000000000000e+02 2.246629631407227851e-06
2.760000000000000000e+02 2.140097012323355059e-06
2.770000000000000000e+02 2.038659500061678932e-06
2.780000000000000000e+02 1.942071240223144342e-06
2.790000000000000000e+02 1.850098350379547655e-06
2.800000000000000000e+02 1.762518331633759544e-06
2.810000000000000000e+02 1.679119509442975238e-06
2.820000000000000000e+02 1.599700501876814125e-06
2.830000000000000000e+02 1.524069714782702896e-06
2.840000000000000000e+02 1.452044861326673108e-06
2.850000000000000000e+02 1.383452505828447719e-06
2.860000000000000000e+02 1.318127629946526801e-06
2.870000000000000000e+02 1.255913220362044125e-06
2.880000000000000000e+02 1.196659876849934296e-06
2.890000000000000000e+02 1.140225439722174321e-06
2.900000000000000000e+02 1.086474635785858632e-06
2.910000000000000000e+02 1.035278741507864573e-06
2.920000000000000000e+02 9.865152630458971065e-07
2.930000000000000000e+02 9.400676321172284195e-07
2.940000000000000000e+02 8.958249165019011434e-07
2.950000000000000000e+02 8.536815452073774333e-07
2.960000000000000000e+02 8.135370469078072922e-07
2.970000000000000000e+02 7.752958014425030635e-07
2.980000000000000000e+02 7.388668033649065530e-07
2.990000000000000000e+02 7.041634372137050369e-07
3.000000000000000000e+02 6.711032639251898406e-07
3.010000000000000000e+02 6.396078174642852979e-07
3.020000000000000000e+02 6.096024117786456414e-07
3.030000000000000000e+02 5.810159569603556774e-07
3.040000000000000000e+02 5.537807845533265606e-07
3.050000000000000000e+02 5.278324813947142125e-07
3.060000000000000000e+02 5.031097316264752427e-07
3.070000000000000000e+02 4.795541664133591728e-07
3.080000000000000000e+02 4.571102210128239226e-07
3.090000000000000000e+02 4.357249988667414039e-07
3.100000000000000000e+02 4.153481423751193472e-07
3.110000000000000000e+02 3.959317098558240685e-07
3.120000000000000000e+02 3.774300586751203157e-07
3.130000000000000000e+02 3.597997340195347705e-07
3.140000000000000000e+02 3.429993630381451821e-07
3.150000000000000000e+02 3.269895542504141357e-07
3.160000000000000000e+02 3.117328018218157133e-07
3.170000000000000000e+02 2.971933944446588457e-07
3.180000000000000000e+02 2.833373288170793641e-07
3.190000000000000000e+02 2.701322271175133569e-07
3.200000000000000000e+02 2.575472587497951327e-07
3.210000000000000000e+02 2.455530656283375365e-07
3.220000000000000000e+02 2.341216912927293731e-07
3.230000000000000000e+02 2.232265133961421137e-07
3.240000000000000000e+02 2.128421795379172019e-07
3.250000000000000000e+02 2.029445460540101982e-07
3.260000000000000000e+02 1.935106199248345769e-07
3.270000000000000000e+02 1.845185035304258850e-07
3.280000000000000000e+02 1.759473419048005943e-07
3.290000000000000000e+02 1.677772727583023961e-07
3.300000000000000000e+02 1.599893787187795980e-07
3.310000000000000000e+02 1.525656420494365117e-07
3.320000000000000000e+02 1.454889015341485304e-07
3.330000000000000000e+02 1.387428113444963097e-07
3.340000000000000000e+02 1.323118019601221887e-07
3.350000000000000000e+02 1.261810430398548661e-07
3.360000000000000000e+02 1.203364079990625437e-07
3.370000000000000000e+02 1.147644403128027583e-07
3.380000000000000000e+02 1.094523215060083831e-07
3.390000000000000000e+02 1.043878405747648572e-07
3.400000000000000000e+02 9.955936503559102631e-08
3.410000000000000000e+02 9.495581323652333947e-08
3.420000000000000000e+02 9.056662803205258052e-08
3.430000000000000000e+02 8.638175181319350015e-08
3.440000000000000000e+02 8.239160261727349979e-08
3.450000000000000000e+02 7.858705145815993646e-08
3.460000000000000000e+02 7.495940076599388880e-08
3.470000000000000000e+02 7.150036377242595927e-08
3.480000000000000000e+02 6.820204500263473103e-08
3.490000000000000000e+02 6.505692158848069567e-08
3.500000000000000000e+02 6.205782559424394415e-08
3.510000000000000000e+02 5.919792705548864363e-08
3.520000000000000000e+02 5.647071804211979128e-08
3.530000000000000000e+02 5.386999720518880247e-08
3.540000000000000000e+02 5.138985529580261504e-08
3.550000000000000000e+02 4.902466127332591025e-08
3.560000000000000000e+02 4.676904911562076411e-08
3.570000000000000000e+02 4.461790522304998247e-08
3.580000000000000000e+02 4.256635647245204832e-08
3.590000000000000000e+02 4.060975876986691562e-08
3.600000000000000000e+02 3.874368622720372896e-08
3.610000000000000000e+02 3.696392088993415386e-08
3.620000000000000000e+02 3.526644278732600000e-08
3.630000000000000000e+02 3.364742056338801518e-08
3.640000000000000000e+02 3.210320268434614600e-08
3.650000000000000000e+02 3.063030880952541107e-08
3.660000000000000000e+02 2.922542171269032610e-08
3.670000000000000000e+02 2.788537961993752417e-08
3.680000000000000000e+02 2.660716889056792801e-08
3.690000000000000000e+02 2.538791689173025561e-08
3.700000000000000000e+02 2.422488556396466422e-08
3.710000000000000000e+02 2.311546476841059920e-08
3.720000000000000000e+02 2.205716662320732012e-08
3.730000000000000000e+02 2.104761939676617913e-08
3.740000000000000000e+02 2.008456227518077192e-08
3.750000000000000000e+02 1.916584002149890023e-08
3.760000000000000000e+02 1.828939804675625542e-08
3.770000000000000000e+02 1.745327764277096175e-08
3.780000000000000000e+02 1.665561154829627079e-08
3.790000000000000000e+02 1.589461948207589331e-08
3.800000000000000000e+02 1.516860430194550527e-08
3.810000000000000000e+02 1.447594786970661937e-08
3.820000000000000000e+02 1.381510747343385003e-08
3.830000000000000000e+02 1.318461221956438063e-08
3.840000000000000000e+02 1.258305976826059859e-08
3.850000000000000000e+02 1.200911294728604090e-08
3.860000000000000000e+02 1.146149682131899912e-08
3.870000000000000000e+02 1.093899577199734044e-08
3.880000000000000000e+02 1.044045068612462682e-08
3.890000000000000000e+02 9.964756265975174842e-09
3.900000000000000000e+02 9.510858638778385462e-09
3.910000000000000000e+02 9.077752801424344704e-09
3.920000000000000000e+02 8.664480408560258863e-09
3.930000000000000000e+02 8.270127643590206317e-09
3.940000000000000000e+02 7.893823000977281703e-09
3.950000000000000000e+02 7.534735452302260547e-09
3.960000000000000000e+02 7.192072446888568311e-09
3.970000000000000000e+02 6.865078181354357081e-09
3.980000000000000000e+02 6.553031881016362364e-09
3.990000000000000000e+02 6.255246091073235038e-09
4.000000000000000000e+02 5.971065245825996455e-09
4.010000000000000000e+02 5.699864040784213137e-09
4.020000000000000000e+02 5.441046179978723969e-09
4.030000000000000000e+02 5.194042868750890428e-09
4.040000000000000000e+02 4.958311630190493942e-09
4.050000000000000000e+02 4.733335107476238084e-09
4.060000000000000000e+02 4.518619750283859619e-09
4.070000000000000000e+02 4.313694869292712395e-09
4.080000000000000000e+02 4.118111462840954140e-09
4.090000000000000000e+02 3.931441259973809446e-09
4.100000000000000000e+02 3.753275783881103628e-09
4.110000000000000000e+02 3.583225367190003450e-09
4.120000000000000000e+02 3.420918288121073139e-09
4.130000000000000000e+02 3.265999985695339529e-09
4.140000000000000000e+02 3.118132218242090475e-09
4.150000000000000000e+02 2.976992353277738745e-09
4.160000000000000000e+02 2.842272562770575885e-09
4.170000000000000000e+02 2.713679219427757611e-09
4.180000000000000000e+02 2.590932196955497798e-09
4.190000000000000000e+02 2.473764268344986277e-09
4.200000000000000000e+02 2.361920483475260911e-09
4.210000000000000000e+02 2.255157598773033026e-09
4.220000000000000000e+02 2.153243582186967647e-09
4.230000000000000000e+02 2.055957036431785252e-09
4.240000000000000000e+02 1.963086737907137972e-09
4.250000000000000000e+02 1.874431168537908378e-09
4.260000000000000000e+02 1.789798044126985144e-09
4.270000000000000000e+02 1.709003916620436438e-09
4.280000000000000000e+02 1.631873738956054417e-09
4.290000000000000000e+02 1.558240516082812413e-09
4.300000000000000000e+02 1.487944889210983847e-09
4.310000000000000000e+02 1.420834786715455605e-09
4.320000000000000000e+02 1.356765134695618421e-09
4.330000000000000000e+02 1.295597488338919110e-09
4.340000000000000000e+02 1.237199756995604115e-09
4.350000000000000000e+02 1.181445882775591868e-09
4.360000000000000000e+02 1.128215553269076186e-09
4.370000000000000000e+02 1.077393992113514427e-09
4.380000000000000000e+02 1.028871692971406536e-09
4.390000000000000000e+02 9.825441059941993240e-10
4.400000000000000000e+02 9.383114909936654539e-10
4.410000000000000000e+02 8.960786513748193164e-10
4.420000000000000000e+02 8.557547437232699992e-10
4.430000000000000000e+02 8.172530877075073530e-10
4.440000000000000000e+02 7.804909301220802438e-10
4.450000000000000000e+02 7.453893018958848653e-10
4.460000000000000000e+02 7.118728807334626533e-10
4.470000000000000000e+02 6.798697045337869234e-10
4.480000000000000000e+02 6.493111516464608841e-10
4.490000000000000000e+02 6.201317299926392933e-10
4.500000000000000000e+02 5.922689119718042621e-10
4.510000000000000000e+02 5.656629996124876107e-10
4.520000000000000000e+02 5.402570344721182307e-10
4.530000000000000000e+02 5.159966889253591216e-10
4.540000000000000000e+02 4.928300376429697468e-10
4.550000000000000000e+02 4.707075851764125160e-10
4.560000000000000000e+02 4.495820362926065847e-10
4.570000000000000000e+02 4.294082756378696660e-10
4.580000000000000000e+02 4.101432541997679658e-10
4.590000000000000000e+02 3.917458314936193537e-10
4.600000000000000000e+02 3.741768034175842349e-10
4.610000000000000000e+02 3.573986672712996934e-10
4.620000000000000000e+02 3.413756974445248504e-10
4.630000000000000000e+02 3.260737497644707101e-10
4.640000000000000000e+02 3.114602683496300155e-10
4.650000000000000000e+02 2.975040901816613502e-10
4.660000000000000000e+02 2.841755727742618340e-10
4.670000000000000000e+02 2.714463512439432114e-10
4.680000000000000000e+02 2.592893857409018918e-10
4.690000000000000000e+02 2.476788439034081516e-10
4.700000000000000000e+02 2.365900428223339729e-10
4.710000000000000000e+02 2.259994871588185898e-10
4.720000000000000000e+02 2.158846474979403780e-10
4.730000000000000000e+02 2.062241127082890466e-10
4.740000000000000000e+02 1.969973553701188597e-10
4.750000000000000000e+02 1.881848744565830177e-10
4.760000000000000000e+02 1.797679360870970916e-10
4.770000000000000000e+02 1.717287694499540366e-10
4.780000000000000000e+02 1.640503160551092214e-10
4.790000000000000000e+02 1.567163697467569116e-10
4.800000000000000000e+02 1.497113676460825101e-10
4.810000000000000000e+02 1.430205231240469893e-10
4.820000000000000000e+02 1.366297051024741863e-10
4.830000000000000000e+02 1.305254034913863615e-10
4.840000000000000000e+02 1.246947077254585882e-10
4.850000000000000000e+02 1.191253289799730445e-10
4.860000000000000000e+02 1.138054934524680876e-10
4.870000000000000000e+02 1.087240061823467180e-10
4.880000000000000000e+02 1.038701333879750607e-10
4.890000000000000000e+02 9.923361521572319999e-11
4.900000000000000000e+02 9.480474746262204959e-11
4.910000000000000000e+02 9.057413797098668008e-11
4.920000000000000000e+02 8.653291599127664425e-11
4.930000000000000000e+02 8.267256240371180806e-11
4.940000000000000000e+02 7.898494646890232966e-11
4.950000000000000000e+02 7.546230622825105853e-11
4.960000000000000000e+02 7.209726139592950004e-11
4.970000000000000000e+02 6.888272166352203586e-11
4.980000000000000000e+02 6.581192922144861779e-11
4.990000000000000000e+02 6.287844707075529325e-11
5.000000000000000000e+02 6.007609098341034968e-11
5.010000000000000000e+02 5.739902076442652298e-11
5.020000000000000000e+02 5.484158731503109638e-11
5.030000000000000000e+02 5.239843867242713132e-11
5.040000000000000000e+02 5.006442302574513077e-11
5.050000000000000000e+02 4.783467927560292286e-11
5.060000000000000000e+02 4.570452616390002534e-11
5.070000000000000000e+02 4.366950832465136521e-11
5.080000000000000000e+02 4.172534141849510580e-11
5.090000000000000000e+02 3.986795225283792023e-11
5.100000000000000000e+02 3.809349878042052960e-11
5.110000000000000000e+02 3.639824855671012497e-11
5.120000000000000000e+02 3.477863783037277040e-11
5.130000000000000000e+02 3.323127268254219077e-11
5.140000000000000000e+02 3.175294974982182515e-11
5.150000000000000000e+02 3.034056777729069350e-11
5.160000000000000000e+02 2.899116069040356695e-11
5.170000000000000000e+02 2.770195193600034237e-11
5.180000000000000000e+02 2.647022971716771378e-11
5.190000000000000000e+02 2.529338604701479773e-11
5.200000000000000000e+02 2.416902286516688197e-11
5.210000000000000000e+02 2.309475032094204831e-11
5.220000000000000000e+02 2.206837100614608864e-11
5.230000000000000000e+02 2.108770188660650456e-11
5.240000000000000000e+02 2.015072673876878140e-11
5.250000000000000000e+02 1.925550200759002960e-11
5.260000000000000000e+02 1.840012984530503410e-11
5.270000000000000000e+02 1.758285514563606094e-11
5.280000000000000000e+02 1.680196176017048879e-11
5.290000000000000000e+02 1.605584953759395227e-11
5.300000000000000000e+02 1.534295064041233465e-11
5.310000000000000000e+02 1.466177691335426794e-11
5.320000000000000000e+02 1.401091615756917036e-11
5.330000000000000000e+02 1.338903244384334534e-11
5.340000000000000000e+02 1.279479779649866635e-11
5.350000000000000000e+02 1.222699035110822854e-11
5.360000000000000000e+02 1.168446621963199933e-11
5.370000000000000000e+02 1.116605925210983417e-11
5.380000000000000000e+02 1.067071162400649955e-11
5.390000000000000000e+02 1.019737242899477384e-11
5.400000000000000000e+02 9.745081268827866087e-12
5.410000000000000000e+02 9.312900202508606299e-12
5.420000000000000000e+02 8.899925966226280755e-12
5.430000000000000000e+02 8.505314128826410078e-12
5.440000000000000000e+02 8.128220366037429893e-12
5.450000000000000000e+02 7.767909329370132684e-12
5.460000000000000000e+02 7.423587548954282223e-12
5.470000000000000000e+02 7.094585307764033226e-12
5.480000000000000000e+02 6.780166607134908406e-12
5.490000000000000000e+02 6.479718352202742830e-12
5.500000000000000000e+02 6.192597669330878452e-12
5.510000000000000000e+02 5.918264581333582690e-12
5.520000000000000000e+02 5.656095673567601493e-12
5.530000000000000000e+02 5.405553904362718929e-12
5.540000000000000000e+02 5.166137632355282615e-12
5.550000000000000000e+02 4.937333331245571302e-12
5.560000000000000000e+02 4.718710828038359463e-12
5.570000000000000000e+02 4.509772025872737783e-12
5.580000000000000000e+02 4.310102017197365972e-12
5.590000000000000000e+02 4.119297880585853350e-12
5.600000000000000000e+02 3.936959307457325460e-12
5.610000000000000000e+02 3.762702903085987682e-12
5.620000000000000000e+02 3.596175687441235911e-12
5.630000000000000000e+02 3.437027896883478242e-12
5.640000000000000000e+02 3.284945063530246617e-12
5.650000000000000000e+02 3.139588338304976189e-12
5.660000000000000000e+02 3.000704121659420883e-12
5.670000000000000000e+02 2.867945476910451502e-12
5.680000000000000000e+02 2.741088339828431671e-12
5.690000000000000000e+02 2.619850707009928358e-12
5.700000000000000000e+02 2.503984503155521747e-12
5.710000000000000000e+02 2.393251508442616684e-12
5.720000000000000000e+02 2.287413436804611927e-12
5.730000000000000000e+02 2.186278241816315721e-12
5.740000000000000000e+02 2.089607871578273292e-12
5.750000000000000000e+02 1.997234736920298934e-12
5.760000000000000000e+02 1.908955357151382431e-12
5.770000000000000000e+02 1.824567823790374093e-12
5.780000000000000000e+02 1.743929763041064257e-12
5.790000000000000000e+02 1.666860501139388094e-12
5.800000000000000000e+02 1.593204794496400102e-12
5.810000000000000000e+02 1.522794328348485371e-12
5.820000000000000000e+02 1.455505177308191526e-12
5.830000000000000000e+02 1.391204674632262320e-12
5.840000000000000000e+02 1.329750627182328255e-12
5.850000000000000000e+02 1.271009554989345444e-12
5.860000000000000000e+02 1.214868182644314515e-12
5.870000000000000000e+02 1.161228786341307973e-12
5.880000000000000000e+02 1.109930253818721546e-12
5.890000000000000000e+02 1.060919882787994946e-12
5.900000000000000000e+02 1.014073695868073760e-12
5.910000000000000000e+02 9.692982848172246079e-13
5.920000000000000000e+02 9.265108182206200845e-13
5.930000000000000000e+02 8.855987008651925906e-13
5.940000000000000000e+02 8.464917606741840536e-13
5.950000000000000000e+02 8.091433061548602079e-13
5.960000000000000000e+02 7.734287475891305600e-13
5.970000000000000000e+02 7.392912949865579855e-13
5.980000000000000000e+02 7.066573131848474906e-13
5.990000000000000000e+02 6.754867650597828360e-13
6.000000000000000000e+02 6.456860514595963296e-13
6.010000000000000000e+02 6.172025475486894259e-13
6.020000000000000000e+02 5.899657282821095047e-13
6.030000000000000000e+02 5.639502226855294244e-13
6.040000000000000000e+02 5.390590326919297664e-13
6.050000000000000000e+02 5.152922980493425517e-13
6.060000000000000000e+02 4.925531303263171838e-13
6.070000000000000000e+02 4.708298885937767839e-13
6.080000000000000000e+02 4.500726668213739722e-13
6.090000000000000000e+02 4.302196203991431720e-13
6.100000000000000000e+02 4.112442684472191428e-13
6.110000000000000000e+02 3.930877645215004882e-13
6.120000000000000000e+02 3.757736561938402864e-13
6.130000000000000000e+02 3.592106584560962133e-13
6.140000000000000000e+02 3.433574266602039363e-13
6.150000000000000000e+02 3.282346902793529456e-13
6.160000000000000000e+02 3.137687063806264754e-13
6.170000000000000000e+02 2.999391288639756477e-13
6.180000000000000000e+02 2.867205130580708571e-13
6.190000000000000000e+02 2.740946732739739742e-13
6.200000000000000000e+02 2.619905026575153377e-13
6.210000000000000000e+02 2.504540877512841768e-13
6.220000000000000000e+02 2.394369655053573443e-13
6.230000000000000000e+02 2.288821852314828990e-13
6.240000000000000000e+02 2.188006816363421430e-13
6.250000000000000000e+02 2.091680247473599389e-13
6.260000000000000000e+02 1.999599494770941302e-13
6.270000000000000000e+02 1.911460377347508266e-13
6.280000000000000000e+02 1.827317928458918130e-13
6.290000000000000000e+02 1.746745062963648043e-13
6.300000000000000000e+02 1.669705975448263492e-13
6.310000000000000000e+02 1.596344005010797394e-13
6.320000000000000000e+02 1.525994513043702346e-13
6.330000000000000000e+02 1.458838376344157633e-13
6.340000000000000000e+02 1.394670499761348740e-13
6.350000000000000000e+02 1.333248940494316362e-13
6.360000000000000000e+02 1.274580571584051472e-13
6.370000000000000000e+02 1.218400595530264665e-13
6.380000000000000000e+02 1.164813405504141388e-13
6.390000000000000000e+02 1.113522573767485622e-13
6.400000000000000000e+02 1.064618276275167501e-13
6.410000000000000000e+02 1.017616646513821176e-13
6.420000000000000000e+02 9.729252911242205724e-14
6.430000000000000000e+02 9.300536021252103561e-14
6.440000000000000000e+02 8.892158571306323660e-14
6.450000000000000000e+02 8.500949819313884528e-14
6.460000000000000000e+02 8.124843168786366769e-14
6.470000000000000000e+02 7.768593367138462432e-14
6.480000000000000000e+02 7.427621575218560677e-14
6.490000000000000000e+02 7.099777417836192756e-14
6.500000000000000000e+02 6.786098055438510345e-14
6.510000000000000000e+02 6.490236530232847128e-14
6.520000000000000000e+02 6.203652462541690361e-14
6.530000000000000000e+02 5.930297869889827738e-14
6.540000000000000000e+02 5.667223164093230934e-14
6.550000000000000000e+02 5.418954883196754035e-14
6.560000000000000000e+02 5.180645486768373226e-14
6.570000000000000000e+02 4.953069937626488413e-14
6.580000000000000000e+02 4.737659293508010847e-14
6.590000000000000000e+02 4.529274260749628049e-14
6.600000000000000000e+02 4.328249805262826632e-14
6.610000000000000000e+02 4.138687381048259399e-14
6.620000000000000000e+02 3.956203564117456047e-14
6.630000000000000000e+02 3.782348984475283611e-14
6.640000000000000000e+02 3.615437648666029921e-14
6.650000000000000000e+02 3.456860799658774373e-14
6.660000000000000000e+02 3.305932052140794243e-14
6.670000000000000000e+02 3.159807110437020354e-14
6.680000000000000000e+02 3.021146939887760115e-14
6.690000000000000000e+02 2.889768391616173960e-14
6.700000000000000000e+02 2.761512113156053366e-14
6.710000000000000000e+02 2.638882015575273452e-14
6.720000000000000000e+02 2.525866331948849185e-14
6.730000000000000000e+02 2.414584156595616886e-14
6.740000000000000000e+02 2.309160072600112506e-14
6.750000000000000000e+02 2.208862671923426056e-14
6.760000000000000000e+02 2.109804912822424166e-14
6.770000000000000000e+02 2.016911726351851720e-14
6.780000000000000000e+02 1.928110806722366261e-14
6.790000000000000000e+02 1.842880871006217330e-14
6.800000000000000000e+02 1.762398892235476207e-14
6.810000000000000000e+02 1.684799868072922881e-14
6.820000000000000000e+02 1.612479887893025949e-14
6.830000000000000000e+02 1.540472855204617426e-14
6.840000000000000000e+02 1.472384131714263418e-14
6.850000000000000000e+02 1.409120239774899906e-14
6.860000000000000000e+02 1.347808936384723025e-14
6.870000000000000000e+02 1.288742593911393762e-14
6.880000000000000000e+02 1.232369383715133550e-14
6.890000000000000000e+02 1.177496602290899444e-14
6.900000000000000000e+02 1.127515101143238763e-14
6.910000000000000000e+02 1.077032586529641131e-14
6.920000000000000000e+02 1.029973094990468396e-14
6.930000000000000000e+02 9.857755527096327928e-15
6.940000000000000000e+02 9.426767657497249210e-15
6.950000000000000000e+02 9.011997977916477218e-15
6.960000000000000000e+02 8.608267248476559959e-15
6.970000000000000000e+02 8.238418308803356950e-15
6.980000000000000000e+02 7.877163286012719702e-15
6.990000000000000000e+02 7.539715849609525814e-15
7.000000000000000000e+02 7.214773284398551629e-15
7.010000000000000000e+02 6.883954490384333180e-15
7.020000000000000000e+02 6.588984927515445434e-15
7.030000000000000000e+02 6.304805614903908844e-15
7.040000000000000000e+02 6.033112485891605580e-15
7.050000000000000000e+02 5.787008201716601232e-15
7.060000000000000000e+02 5.508987665409148264e-15
7.070000000000000000e+02 5.299612540912390687e-15
7.080000000000000000e+02 5.056030999893764947e-15
7.090000000000000000e+02 4.836808612787944931e-15
7.100000000000000000e+02 4.621293486743872447e-15
7.110000000000000000e+02 4.435040345585253063e-15
7.120000000000000000e+02 4.233565124546161983e-15
7.130000000000000000e+02 4.052405672330549821e-15
7.140000000000000000e+02 3.875848992888340292e-15
7.150000000000000000e+02 3.715059953546336893e-15
7.160000000000000000e+02 3.552112912642627153e-15
7.170000000000000000e+02 3.397158828943300286e-15
7.180000000000000000e+02 3.249522523201399439e-15
7.190000000000000000e+02 3.113869993221778000e-15
7.200000000000000000e+02 2.977663617968742029e-15
7.210000000000000000e+02 2.837411649132184561e-15
7.220000000000000000e+02 2.715158882164346716e-15
7.230000000000000000e+02 2.592645864314152091e-15
7.240000000000000000e+02 2.494017604580326673e-15
7.250000000000000000e+02 2.380952844284804549e-15
7.260000000000000000e+02 2.267762371358242130e-15
7.270000000000000000e+02 2.183248776207605975e-15
7.280000000000000000e+02 2.072541523668025392e-15
7.290000000000000000e+02 1.987757580332097644e-15
7.300000000000000000e+02 1.897405575802417292e-15
7.310000000000000000e+02 1.826602799947259549e-15
7.320000000000000000e+02 1.743836635760591648e-15
7.330000000000000000e+02 1.668761530567309560e-15
7.340000000000000000e+02 1.605392104898314702e-15
7.350000000000000000e+02 1.536211193014714535e-15
7.360000000000000000e+02 1.491222614734814274e-15
7.370000000000000000e+02 1.427139601502774923e-15
7.380000000000000000e+02 1.366824218590547763e-15
7.390000000000000000e+02 1.316798890498767584e-15
7.400000000000000000e+02 1.266284549613133055e-15
7.410000000000000000e+02 1.219508270265805583e-15
7.420000000000000000e+02 1.166693678700483753e-15
7.430000000000000000e+02 1.120361898379388985e-15
7.440000000000000000e+02 1.076605079446952549e-15
7.450000000000000000e+02 1.042560519447779054e-15
7.460000000000000000e+02 1.009898123036892465e-15
7.470000000000000000e+02 9.728718157013186818e-16
7.480000000000000000e+02 9.456592135391893584e-16
7.490000000000000000e+02 9.139784350665520521e-16
7.500000000000000000e+02 8.864686733360231796e-16
7.510000000000000000e+02 8.604643534792910291e-16
7.520000000000000000e+02 8.416048653066788674e-16
7.530000000000000000e+02 8.274774249433911028e-16
7.540000000000000000e+02 8.021081426885836789e-16
7.550000000000000000e+02 7.902691136440317057e-16
7.560000000000000000e+02 7.747207683877317557e-16
7.570000000000000000e+02 7.626804773230256753e-16
7.580000000000000000e+02 7.445660049323901999e-16
7.590000000000000000e+02 7.256184912774408429e-16
7.600000000000000000e+02 7.129531799033238121e-16
7.610000000000000000e+02 6.954756018919137849e-16
7.620000000000000000e+02 6.826384560160849596e-16
7.630000000000000000e+02 6.700714848854940676e-16
7.640000000000000000e+02 6.607850663098265561e-16
7.650000000000000000e+02 6.480478323644872499e-16
7.660000000000000000e+02 6.243855903821581242e-16
7.670000000000000000e+02 6.153690569258161030e-16
7.680000000000000000e+02 6.047712540255517125e-16
7.690000000000000000e+02 5.967273148074823671e-16
7.700000000000000000e+02 5.885695459697312294e-16
7.710000000000000000e+02 5.839823030425070942e-16
7.720000000000000000e+02 5.704866907492026304e-16
7.730000000000000000e+02 5.648876749788885234e-16
7.740000000000000000e+02 5.589809145748760506e-16
7.750000000000000000e+02 5.339509190679338820e-16
7.760000000000000000e+02 5.166606306992109880e-16
7.770000000000000000e+02 5.118920846918058895e-16
7.780000000000000000e+02 5.085490361557498832e-16
7.790000000000000000e+02 5.035352690568325349e-16
7.800000000000000000e+02 5.010364368841389567e-16
7.810000000000000000e+02 4.966565299561701011e-16
7.820000000000000000e+02 4.954870959037342598e-16
7.830000000000000000e+02 4.925210347491479269e-16
7.840000000000000000e+02 4.845846614859101615e-16
7.850000000000000000e+02 4.876948563150571181e-16
7.860000000000000000e+02 4.937653201609962449e-16
7.870000000000000000e+02 4.935005316930062740e-16
7.880000000000000000e+02 4.839548477829772453e-16
7.890000000000000000e+02 4.731523698292037000e-16
7.900000000000000000e+02 4.676252728116520545e-16
7.910000000000000000e+02 4.629409741834961333e-16
7.920000000000000000e+02 4.530229237771500082e-16
7.930000000000000000e+02 4.564825186119782478e-16
7.940000000000000000e+02 4.574596072107670226e-16
7.950000000000000000e+02 4.571264822910195416e-16
7.960000000000000000e+02 4.536602192942094215e-16
7.970000000000000000e+02 4.388116921190762917e-16
7.980000000000000000e+02 4.405223424387354642e-16
7.990000000000000000e+02 4.295472032586689395e-16
8.000000000000000000e+02 4.356346454455794961e-16
8.010000000000000000e+02 4.220293358757431344e-16
8.020000000000000000e+02 4.159866719738378015e-16
8.030000000000000000e+02 4.174229611427673721e-16
8.040000000000000000e+02 4.202948751741726799e-16
8.050000000000000000e+02 4.255171689067507807e-16
8.060000000000000000e+02 4.267001501040962452e-16
8.070000000000000000e+02 4.248647050675727465e-16
8.080000000000000000e+02 4.303894179272289567e-16
8.090000000000000000e+02 4.296098725832353437e-16
8.100000000000000000e+02 4.235427127697766543e-16
8.110000000000000000e+02 4.219989954748355811e-16
8.120000000000000000e+02 4.258201855182486810e-16
8.130000000000000000e+02 4.196522857347606351e-16
8.140000000000000000e+02 4.191014520050234378e-16
8.150000000000000000e+02 4.179865124903249175e-16
8.160000000000000000e+02 4.130188352101124777e-16
8.170000000000000000e+02 4.115089401097663452e-16
8.180000000000000000e+02 4.142652495478857621e-16
8.190000000000000000e+02 4.077717392936796819e-16
8.200000000000000000e+02 4.012249979835291139e-16
8.210000000000000000e+02 3.945896165810806211e-16
8.220000000000000000e+02 4.039471434230861388e-16
8.230000000000000000e+02 3.978092234343267984e-16
8.240000000000000000e+02 4.004739429542563891e-16
8.250000000000000000e+02 4.009401394767457389e-16
8.260000000000000000e+02 4.059083332657845814e-16
8.270000000000000000e+02 4.054454201221170462e-16
8.280000000000000000e+02 4.085760771278963730e-16
8.290000000000000000e+02 4.121084633990226049e-16
8.300000000000000000e+02 4.072342619749306655e-16
8.310000000000000000e+02 4.065880889014811781e-16
8.320000000000000000e+02 4.025467789612918000e-16
8.330000000000000000e+02 3.967312695948974010e-16
8.340000000000000000e+02 4.020447813644464099e-16
8.350000000000000000e+02 4.020055826596483439e-16
8.360000000000000000e+02 3.989651226409612525e-16
8.370000000000000000e+02 3.922458001738476188e-16
8.380000000000000000e+02 3.870577678625363920e-16
8.390000000000000000e+02 3.918192213630009394e-16
8.400000000000000000e+02 3.904745803445266446e-16
8.410000000000000000e+02 3.885029794449963263e-16
8.420000000000000000e+02 4.012290893044222222e-16
8.430000000000000000e+02 3.850907332473804571e-16
8.440000000000000000e+02 3.929145162365936877e-16
8.450000000000000000e+02 3.840407699787119810e-16
8.460000000000000000e+02 3.829826776561072153e-16
8.470000000000000000e+02 3.871425804612454868e-16
8.480000000000000000e+02 3.867505907266254650e-16
8.490000000000000000e+02 3.848529044819244766e-16
8.500000000000000000e+02 3.829775341557699962e-16
8.510000000000000000e+02 3.811613102290397250e-16
8.520000000000000000e+02 3.863814646248168281e-16
8.530000000000000000e+02 3.740576391444494239e-16
8.540000000000000000e+02 3.761842906755091837e-16
8.550000000000000000e+02 3.711030482736719790e-16
8.560000000000000000e+02 3.684902189229735882e-16
8.570000000000000000e+02 3.571134580350581396e-16
8.580000000000000000e+02 3.503211111068660580e-16
8.590000000000000000e+02 3.575498792353390635e-16
8.600000000000000000e+02 3.551359925753514217e-16
8.610000000000000000e+02 3.487166368491402901e-16
8.620000000000000000e+02 3.456128872465926160e-16
8.630000000000000000e+02 3.500745491689477626e-16
8.640000000000000000e+02 3.527167556793554576e-16
8.650000000000000000e+02 3.468618135565810669e-16
8.660000000000000000e+02 3.384649242959752004e-16
8.670000000000000000e+02 3.418693434002254757e-16
8.680000000000000000e+02 3.387377470434889249e-16
8.690000000000000000e+02 3.411893488729261708e-16
8.700000000000000000e+02 3.355980839971674964e-16
8.710000000000000000e+02 3.358249688325803702e-16
8.720000000000000000e+02 3.362831607533213276e-16
8.730000000000000000e+02 3.404514668750984325e-16
8.740000000000000000e+02 3.528459972296045489e-16
8.750000000000000000e+02 3.542950075695269658e-16
8.760000000000000000e+02 3.555050078538762415e-16
8.770000000000000000e+02 3.553143689373725609e-16
8.780000000000000000e+02 3.509634194888464959e-16
8.790000000000000000e+02 3.345029442126686709e-16
8.800000000000000000e+02 3.360976145611045781e-16
8.810000000000000000e+02 3.301299378078153135e-16
8.820000000000000000e+02 3.333059669473581412e-16
8.830000000000000000e+02 3.348312126508759967e-16
8.840000000000000000e+02 3.366490702411483962e-16
8.850000000000000000e+02 3.334684539944176115e-16
8.860000000000000000e+02 3.399824763898530600e-16
8.870000000000000000e+02 3.301508213606611618e-16
8.880000000000000000e+02 3.326502903631466339e-16
8.890000000000000000e+02 3.261851091117643874e-16
8.900000000000000000e+02 3.329561047697135571e-16
8.910000000000000000e+02 3.321248171086641810e-16
8.920000000000000000e+02 3.468968328233073498e-16
8.930000000000000000e+02 3.402984646447708640e-16
8.940000000000000000e+02 3.443776644975378699e-16
8.950000000000000000e+02 3.526472876851046993e-16
8.960000000000000000e+02 3.463237760606275159e-16
8.970000000000000000e+02 3.478948156351411418e-16
8.980000000000000000e+02 3.344283430122392810e-16
8.990000000000000000e+02 3.299507573280134614e-16
9.000000000000000000e+02 3.249218790524157142e-16
9.010000000000000000e+02 3.255070207027015488e-16
9.020000000000000000e+02 3.279908287881682259e-16
9.030000000000000000e+02 3.282273483243126546e-16
9.040000000000000000e+02 3.324143252536051949e-16
9.050000000000000000e+02 3.317103715537916189e-16
9.060000000000000000e+02 3.337735187730771946e-16
9.070000000000000000e+02 3.281349371336980274e-16
9.080000000000000000e+02 3.337646659837588252e-16
9.090000000000000000e+02 3.347227247145021628e-16
9.100000000000000000e+02 3.303536214570431243e-16
9.110000000000000000e+02 3.307001562065539797e-16
9.120000000000000000e+02 3.201229095829101903e-16
9.130000000000000000e+02 3.199796817788094399e-16
9.140000000000000000e+02 3.217514807732141271e-16
9.150000000000000000e+02 3.197986640035972194e-16
9.160000000000000000e+02 3.223285001047152479e-16
9.170000000000000000e+02 3.155826744887798776e-16
9.180000000000000000e+02 3.176530296033007255e-16
9.190000000000000000e+02 3.186519336656775809e-16
9.200000000000000000e+02 3.161044880947982921e-16
9.210000000000000000e+02 3.195614282248196479e-16
9.220000000000000000e+02 3.191388973808338792e-16
9.230000000000000000e+02 3.190504138064647920e-16
9.240000000000000000e+02 3.210875468579366971e-16
9.250000000000000000e+02 3.205492644269104363e-16
9.260000000000000000e+02 3.188260082134572657e-16
9.270000000000000000e+02 3.205963746186569815e-16
9.280000000000000000e+02 3.215191322160296523e-16
9.290000000000000000e+02 3.209790164633006632e-16
9.300000000000000000e+02 3.220680264117793831e-16
9.310000000000000000e+02 3.223614741775938269e-16
9.320000000000000000e+02 3.236580297169357799e-16
9.330000000000000000e+02 3.226044107673353079e-16
9.340000000000000000e+02 3.233620781069194689e-16
9.350000000000000000e+02 3.233972309800278807e-16
9.360000000000000000e+02 3.242421613962049898e-16
9.370000000000000000e+02 3.222429300190256498e-16
9.380000000000000000e+02 3.216412605385324691e-16
9.390000000000000000e+02 3.233363138273705086e-16
9.400000000000000000e+02 3.334763301418918366e-16
9.410000000000000000e+02 3.377452707295714304e-16
9.420000000000000000e+02 3.307260913471582446e-16
9.430000000000000000e+02 3.312516773100060580e-16
9.440000000000000000e+02 3.346928077320220460e-16
9.450000000000000000e+02 3.331207335921967511e-16
9.460000000000000000e+02 3.255895901944027954e-16
9.470000000000000000e+02 3.264738506894417069e-16
9.480000000000000000e+02 3.406894542252959134e-16
9.490000000000000000e+02 3.391189186990676135e-16
9.500000000000000000e+02 3.371840455357288511e-16
9.510000000000000000e+02 3.489605125603370724e-16
9.520000000000000000e+02 3.613313169385759331e-16
9.530000000000000000e+02 3.476852502354987967e-16
9.540000000000000000e+02 3.450625555688499295e-16
9.550000000000000000e+02 3.404697887723140421e-16
9.560000000000000000e+02 3.433542803698343282e-16
9.570000000000000000e+02 3.393725937504776127e-16
9.580000000000000000e+02 3.418382510818607257e-16
9.590000000000000000e+02 3.416560821095007168e-16
9.600000000000000000e+02 3.395818508387842635e-16
9.610000000000000000e+02 3.333827888758122176e-16
9.620000000000000000e+02 3.336387342195412670e-16
9.630000000000000000e+02 3.195552639098263499e-16
9.640000000000000000e+02 3.252087136077184813e-16
9.650000000000000000e+02 3.213379599560742859e-16
9.660000000000000000e+02 3.202367280576539590e-16
9.670000000000000000e+02 3.244365117528099711e-16
9.680000000000000000e+02 3.235860012738349673e-16
9.690000000000000000e+02 3.247092409732017673e-16
9.700000000000000000e+02 3.231311416649236571e-16
9.710000000000000000e+02 3.236462374249411474e-16
9.720000000000000000e+02 3.212387124026980056e-16
9.730000000000000000e+02 3.226134425965879337e-16
9.740000000000000000e+02 3.224252484313923557e-16
9.750000000000000000e+02 3.225584844560006678e-16
9.760000000000000000e+02 3.188136510253473345e-16
9.770000000000000000e+02 3.177181364677455818e-16
9.780000000000000000e+02 3.180424385880132720e-16
9.790000000000000000e+02 3.186014445613494330e-16
9.800000000000000000e+02 3.209627784903151110e-16
9.810000000000000000e+02 3.227427862705052418e-16
9.820000000000000000e+02 3.219279586210967850e-16
9.830000000000000000e+02 3.200788068650267613e-16
9.840000000000000000e+02 3.247880962863229483e-16
9.850000000000000000e+02 3.229069030710123028e-16
9.860000000000000000e+02 3.207438052670896328e-16
9.870000000000000000e+02 3.190905431190760737e-16
9.880000000000000000e+02 3.209877104733795866e-16
9.890000000000000000e+02 3.218055565241085639e-16
9.900000000000000000e+02 3.235711624375059340e-16
9.910000000000000000e+02 3.243106275103382427e-16
9.920000000000000000e+02 3.222357981528499487e-16
9.930000000000000000e+02 3.199772449411222106e-16
9.940000000000000000e+02 3.173986749109657881e-16
9.950000000000000000e+02 3.184581768068851491e-16
9.960000000000000000e+02 3.188526517706862700e-16
9.970000000000000000e+02 3.196826355972008067e-16
9.980000000000000000e+02 3.205312122198056119e-16
9.990000000000000000e+02 3.246809292662924652e-16
1.000000000000000000e+03 3.222480241125146403e-16
1.001000000000000000e+03 3.251992490753743835e-16
1.002000000000000000e+03 3.278686874316070715e-16
1.003000000000000000e+03 3.273495797018648229e-16
1.004000000000000000e+03 3.264064669731159141e-16
1.005000000000000000e+03 3.232835096766785624e-16
1.006000000000000000e+03 3.250467690418697257e-16
1.007000000000000000e+03 3.272322154940372961e-16
1.008000000000000000e+03 3.282509784024303311e-16
1.009000000000000000e+03 3.298443967376947644e-16
1.010000000000000000e+03 3.269364867313050270e-16
1.011000000000000000e+03 3.243814829434215613e-16
1.012000000000000000e+03 3.280428752156494530e-16
1.013000000000000000e+03 3.290431643930820137e-16
1.014000000000000000e+03 3.307775833259263871e-16
1.015000000000000000e+03 3.328476221420417021e-16
1.016000000000000000e+03 3.345172981269804884e-16
1.017000000000000000e+03 3.358738463517738745e-16
1.018000000000000000e+03 3.380359140514135584e-16
1.019000000000000000e+03 3.401958217662730260e-16
1.020000000000000000e+03 3.447836680606545229e-16
1.021000000000000000e+03 3.467103381703809548e-16
1.022000000000000000e+03 3.448703091452071992e-16
1.023000000000000000e+03 3.422337170849359662e-16
1.024000000000000000e+03 3.386394786154049089e-16
1.025000000000000000e+03 3.337227349999533368e-16
1.026000000000000000e+03 3.313211722159416539e-16
1.027000000000000000e+03 3.342973825694997371e-16
1.028000000000000000e+03 3.304728574965555395e-16
1.029000000000000000e+03 3.296293316156408418e-16
1.030000000000000000e+03 3.266176231668213172e-16
1.031000000000000000e+03 3.250659592049227352e-16
1.032000000000000000e+03 3.215555075695445113e-16
1.033000000000000000e+03 3.237841676833979791e-16
1.034000000000000000e+03 3.253153283111166751e-16
1.035000000000000000e+03 3.263601954710146533e-16
1.036000000000000000e+03 3.176261562133306863e-16
1.037000000000000000e+03 3.245373104428919876e-16
1.038000000000000000e+03 3.362434966534109225e-16
1.039000000000000000e+03 3.279668045743630145e-16
1.040000000000000000e+03 3.270188207884192440e-16
1.041000000000000000e+03 3.350625361806783079e-16
1.042000000000000000e+03 3.330550643349703712e-16
1.043000000000000000e+03 3.343111315300513371e-16
1.044000000000000000e+03 3.337203985145226576e-16
1.045000000000000000e+03 3.351085857826621788e-16
1.046000000000000000e+03 3.347792408964762524e-16
1.047000000000000000e+03 3.366533368381429871e-16
1.048000000000000000e+03 3.356982207238964712e-16
1.049000000000000000e+03 3.388749843224310115e-16
1.050000000000000000e+03 3.396066243348423224e-16
1.051000000000000000e+03 3.392903546182580519e-16
1.052000000000000000e+03 3.426536391491254491e-16
1.053000000000000000e+03 3.399670253733778490e-16
1.054000000000000000e+03 3.453478725663356778e-16
1.055000000000000000e+03 3.449673974627788188e-16
1.056000000000000000e+03 3.438158068431586150e-16
1.057000000000000000e+03 3.440920200819943675e-16
1.058000000000000000e+03 3.418150800635408222e-16
1.059000000000000000e+03 3.395040140478559921e-16
1.060000000000000000e+03 3.392429371183526241e-16
1.061000000000000000e+03 3.400326873445811238e-16
1.062000000000000000e+03 3.400182041762738378e-16
1.063000000000000000e+03 3.411931978543385146e-16
1.064000000000000000e+03 3.373854156737945799e-16
1.065000000000000000e+03 3.359739008877847553e-16
1.066000000000000000e+03 3.416855095151086551e-16
1.067000000000000000e+03 3.396936193707842217e-16
1.068000000000000000e+03 3.359012146558934235e-16
1.069000000000000000e+03 3.318103210559489472e-16
1.070000000000000000e+03 3.325772479297453149e-16
1.071000000000000000e+03 3.359602199750295942e-16
1.072000000000000000e+03 3.394557801250476850e-16
1.073000000000000000e+03 3.227095968213438461e-16
1.074000000000000000e+03 3.187930546473988392e-16
1.075000000000000000e+03 3.196353907319710128e-16
1.076000000000000000e+03 3.235819428562907727e-16
1.077000000000000000e+03 3.242644366168520306e-16
1.078000000000000000e+03 3.289633330312704722e-16
1.079000000000000000e+03 3.246040707572711141e-16
1.080000000000000000e+03 3.217300520181923495e-16
1.081000000000000000e+03 3.269993687276816990e-16
1.082000000000000000e+03 3.191152355724464480e-16
1.083000000000000000e+03 3.207530174326102108e-16
1.084000000000000000e+03 3.300006292577187901e-16
1.085000000000000000e+03 3.312567567541752780e-16
1.086000000000000000e+03 3.348802352140053295e-16
1.087000000000000000e+03 3.312845064887043878e-16
1.088000000000000000e+03 3.269692471246547092e-16
1.089000000000000000e+03 3.314311450600100143e-16
1.090000000000000000e+03 3.297815594563207832e-16
1.091000000000000000e+03 3.298424060371626772e-16
1.092000000000000000e+03 3.303317568479021000e-16
1.093000000000000000e+03 3.257217838375639744e-16
1.094000000000000000e+03 3.259867656479813310e-16
1.095000000000000000e+03 3.276663532807877753e-16
1.096000000000000000e+03 3.289313950615454464e-16
1.097000000000000000e+03 3.278005888899075524e-16
1.098000000000000000e+03 3.216790254273619056e-16
1.099000000000000000e+03 3.243480815963470979e-16
1.100000000000000000e+03 3.237390425598831567e-16
1.101000000000000000e+03 3.267998869539268410e-16
1.102000000000000000e+03 3.325993350870880669e-16
1.103000000000000000e+03 3.341284205961271549e-16
1.104000000000000000e+03 3.299777463155567583e-16
1.105000000000000000e+03 3.315143435031101471e-16
1.106000000000000000e+03 3.198058502193604470e-16
1.107000000000000000e+03 3.185004423418985363e-16
1.108000000000000000e+03 3.193713071233550694e-16
1.109000000000000000e+03 3.178667729752420692e-16
1.110000000000000000e+03 3.151189974546024984e-16
1.111000000000000000e+03 3.161009827619689916e-16
1.112000000000000000e+03 3.174286704109147422e-16
1.113000000000000000e+03 3.202294233570677266e-16
1.114000000000000000e+03 3.196620952094259245e-16
1.115000000000000000e+03 3.245039251352182343e-16
1.116000000000000000e+03 3.131038490450586273e-16
1.117000000000000000e+03 3.208819599804381151e-16
1.118000000000000000e+03 3.248295381982887567e-16
1.119000000000000000e+03 3.250821184635823173e-16
1.120000000000000000e+03 3.265733922229734776e-16
1.121000000000000000e+03 3.224205389877635374e-16
1.122000000000000000e+03 3.198621794242064680e-16
1.123000000000000000e+03 3.194473691421527889e-16
1.124000000000000000e+03 3.201382928225667755e-16
1.125000000000000000e+03 3.168572342095513054e-16
1.126000000000000000e+03 3.230752553891622742e-16
1.127000000000000000e+03 3.241283567013480522e-16
1.128000000000000000e+03 3.179102789394797271e-16
1.129000000000000000e+03 3.204528461729572713e-16
1.130000000000000000e+03 3.194843657387470072e-16
1.131000000000000000e+03 3.210364181452258417e-16
1.132000000000000000e+03 3.226837804452536144e-16
1.133000000000000000e+03 3.223794238959534469e-16
1.134000000000000000e+03 3.232437739438941353e-16
1.135000000000000000e+03 3.192647641453203520e-16
1.136000000000000000e+03 3.200822686353165872e-16
1.137000000000000000e+03 3.241627934829869679e-16
1.138000000000000000e+03 3.268688217340416886e-16
1.139000000000000000e+03 3.283728525864281710e-16
1.140000000000000000e+03 3.196240920121617678e-16
1.141000000000000000e+03 3.228455120526634859e-16
1.142000000000000000e+03 3.225881273940278514e-16
1.143000000000000000e+03 3.232063188612490621e-16
1.144000000000000000e+03 3.215436381696577909e-16
1.145000000000000000e+03 3.192736333733036294e-16
1.146000000000000000e+03 3.172196773106080200e-16
1.147000000000000000e+03 3.144285300208458780e-16
1.148000000000000000e+03 3.150325112487909768e-16
1.149000000000000000e+03 3.152219944791171738e-16
1.150000000000000000e+03 3.110406846348174002e-16
1.151000000000000000e+03 2.983830163690873083e-16
1.152000000000000000e+03 2.991160136475677377e-16
1.153000000000000000e+03 3.010405009395291626e-16
1.154000000000000000e+03 3.035125187519224694e-16
1.155000000000000000e+03 3.078633046805258127e-16
1.156000000000000000e+03 3.114458724054991138e-16
1.157000000000000000e+03 3.141830595750387574e-16
1.158000000000000000e+03 3.133805479246799908e-16
1.159000000000000000e+03 3.125497164058020229e-16
1.160000000000000000e+03 3.098080333804095529e-16
1.161000000000000000e+03 3.095500166243483890e-16
1.162000000000000000e+03 3.099219323253188441e-16
1.163000000000000000e+03 3.125434137983705575e-16
1.164000000000000000e+03 3.153429176868235416e-16
1.165000000000000000e+03 3.179763656298907951e-16
1.166000000000000000e+03 3.169960470970681368e-16
1.167000000000000000e+03 3.046882137586651470e-16
1.168000000000000000e+03 3.110197054638704536e-16
1.169000000000000000e+03 2.982080179462134322e-16
1.170000000000000000e+03 3.090936208258661716e-16
1.171000000000000000e+03 3.145005679359884625e-16
1.172000000000000000e+03 3.114553595835751525e-16
1.173000000000000000e+03 3.066023539308744782e-16
1.174000000000000000e+03 3.044153425979968621e-16
1.175000000000000000e+03 2.958302747963684914e-16
1.176000000000000000e+03 3.014448357762488836e-16
1.177000000000000000e+03 3.017888015773814547e-16
1.178000000000000000e+03 2.941085569958049995e-16
1.179000000000000000e+03 2.933943821538295140e-16
1.180000000000000000e+03 3.083300401861313515e-16
1.181000000000000000e+03 2.994264733125841815e-16
1.182000000000000000e+03 2.981941182301337785e-16
1.183000000000000000e+03 3.003220398471237801e-16
1.184000000000000000e+03 3.027652252641355385e-16
1.185000000000000000e+03 3.035936354680927606e-16
1.186000000000000000e+03 3.069394705114691705e-16
1.187000000000000000e+03 3.062733079980902673e-16
1.188000000000000000e+03 3.064802584513488528e-16
1.189000000000000000e+03 3.055092604685940210e-16
1.190000000000000000e+03 2.975984363914409160e-16
1.191000000000000000e+03 2.987105873108699266e-16
1.192000000000000000e+03 2.982652614335263482e-16
1.193000000000000000e+03 3.003656277237680241e-16
1.194000000000000000e+03 3.038799393995600312e-16
1.195000000000000000e+03 3.053199324219487330e-16
1.196000000000000000e+03 3.003874875999094257e-16
1.197000000000000000e+03 3.025591246957582788e-16
1.198000000000000000e+03 3.069993635925002966e-16
1.199000000000000000e+03 3.053265185472438730e-16
1.200000000000000000e+03 3.063270347867680686e-16
1.201000000000000000e+03 3.102924764450135718e-16
1.202000000000000000e+03 3.092263634695023728e-16
1.203000000000000000e+03 3.104009091971682290e-16
1.204000000000000000e+03 3.119588195629133338e-16
1.205000000000000000e+03 3.114610253993189737e-16
1.206000000000000000e+03 3.082810555113441840e-16
1.207000000000000000e+03 3.111567701913378687e-16
1.208000000000000000e+03 3.094290842448181781e-16
1.209000000000000000e+03 3.085110030210723826e-16
1.210000000000000000e+03 3.101243307541392495e-16
1.211000000000000000e+03 3.059956810740206441e-16
1.212000000000000000e+03 3.051038556052880558e-16
1.213000000000000000e+03 3.040345313053459927e-16
1.214000000000000000e+03 3.063590520073844535e-16
1.215000000000000000e+03 2.999348001450967128e-16
1.216000000000000000e+03 3.022019128706348684e-16
1.217000000000000000e+03 3.018832962767159428e-16
1.218000000000000000e+03 3.031975804383328972e-16
1.219000000000000000e+03 3.004051109667895446e-16
1.220000000000000000e+03 2.985656096801225133e-16
1.221000000000000000e+03 2.994966386526363703e-16
1.222000000000000000e+03 3.029125282898065168e-16
1.223000000000000000e+03 3.035903912155806156e-16
1.224000000000000000e+03 3.003624852357874775e-16
1.225000000000000000e+03 2.985018247121026347e-16
1.226000000000000000e+03 2.965442572018967661e-16
1.227000000000000000e+03 2.944588626627289531e-16
1.228000000000000000e+03 2.881998568020180456e-16
1.229000000000000000e+03 2.880208085052845463e-16
1.230000000000000000e+03 2.961031574755889388e-16
1.231000000000000000e+03 2.977573922149478303e-16
1.232000000000000000e+03 3.003985535557076752e-16
1.233000000000000000e+03 3.020345621774734459e-16
1.234000000000000000e+03 3.035882283613118554e-16
1.235000000000000000e+03 3.083843401866368987e-16
1.236000000000000000e+03 3.075633629518549889e-16
1.237000000000000000e+03 3.077790464496870904e-16
1.238000000000000000e+03 3.093175246547170285e-16
1.239000000000000000e+03 3.044435169153474552e-16
1.240000000000000000e+03 3.024799013454208661e-16
1.241000000000000000e+03 3.110897624509783451e-16
1.242000000000000000e+03 3.082544301406271479e-16
1.243000000000000000e+03 3.136402548101254773e-16
1.244000000000000000e+03 3.133627375537557214e-16
1.245000000000000000e+03 3.162640045188816761e-16
1.246000000000000000e+03 3.204806350195176683e-16
1.247000000000000000e+03 3.219840440314568635e-16
1.248000000000000000e+03 3.158942291900749991e-16
1.249000000000000000e+03 3.140747566026582710e-16
1.250000000000000000e+03 3.116913918713360745e-16
1.251000000000000000e+03 3.129811429031777870e-16
1.252000000000000000e+03 3.101412685159084009e-16
1.253000000000000000e+03 3.112676705891093952e-16
1.254000000000000000e+03 3.095998609585635892e-16
1.255000000000000000e+03 3.100766883387793395e-16
1.256000000000000000e+03 3.091945104324039759e-16
1.257000000000000000e+03 3.098710802953339894e-16
1.258000000000000000e+03 3.112223130147986304e-16
1.259000000000000000e+03 3.123269471326579917e-16
1.260000000000000000e+03 3.070923886015621047e-16
1.261000000000000000e+03 3.070382610980833097e-16
1.262000000000000000e+03 3.121513518465413567e-16
1.263000000000000000e+03 3.128457957299608652e-16
1.264000000000000000e+03 3.115091148016380844e-16
1.265000000000000000e+03 3.078793004739579495e-16
1.266000000000000000e+03 3.083034190457765197e-16
1.267000000000000000e+03 3.077341081839888718e-16
1.268000000000000000e+03 3.054553898409823351e-16
1.269000000000000000e+03 3.047753462802094719e-16
1.270000000000000000e+03 3.046149331235934441e-16
1.271000000000000000e+03 3.067661425409447973e-16
1.272000000000000000e+03 3.101984266338672886e-16
1.273000000000000000e+03 3.093314552201262849e-16
1.274000000000000000e+03 3.051447431035447567e-16
1.275000000000000000e+03 3.017909773276553795e-16
1.276000000000000000e+03 3.013958213738395656e-16
1.277000000000000000e+03 3.038011955674002442e-16
1.278000000000000000e+03 3.037082434785130555e-16
1.279000000000000000e+03 3.026361576489530856e-16
1.280000000000000000e+03 3.025611592688382727e-16
1.281000000000000000e+03 3.055479447348873976e-16
1.282000000000000000e+03 3.098341278823472177e-16
1.283000000000000000e+03 3.105548979417268974e-16
1.284000000000000000e+03 3.085098058217990956e-16
1.285000000000000000e+03 3.084035026100882536e-16
1.286000000000000000e+03 3.104939724707646346e-16
1.287000000000000000e+03 3.113571796642633721e-16
1.288000000000000000e+03 3.050106277602271040e-16
1.289000000000000000e+03 3.027282188548600417e-16
1.290000000000000000e+03 3.025905912289203985e-16
1.291000000000000000e+03 3.082778605882761018e-16
1.292000000000000000e+03 3.170126177080664222e-16
1.293000000000000000e+03 3.121727808131320299e-16
1.294000000000000000e+03 3.152367055926494279e-16
1.295000000000000000e+03 3.246222757329120519e-16
1.296000000000000000e+03 3.185993836116280806e-16
1.297000000000000000e+03 3.225260394915009605e-16
1.298000000000000000e+03 3.137323571893847775e-16
1.299000000000000000e+03 3.091743351448759434e-16
1.300000000000000000e+03 3.023793500601572641e-16
1.301000000000000000e+03 2.980340183548481335e-16
1.302000000000000000e+03 3.060493225081295933e-16
1.303000000000000000e+03 3.051241655409171950e-16
1.304000000000000000e+03 3.014339443755851662e-16
1.305000000000000000e+03 3.125486659800560028e-16
1.306000000000000000e+03 3.106870162477423004e-16
1.307000000000000000e+03 3.129014105688046638e-16
1.308000000000000000e+03 3.100788059349006242e-16
1.309000000000000000e+03 3.086248487477528690e-16
1.310000000000000000e+03 3.101533096433531908e-16
1.311000000000000000e+03 3.143052964838229894e-16
1.312000000000000000e+03 3.159378768869696823e-16
1.313000000000000000e+03 3.175310474943660178e-16
1.314000000000000000e+03 3.181682231722795653e-16
1.315000000000000000e+03 3.199741668038328542e-16
1.316000000000000000e+03 3.031579194031817695e-16
1.317000000000000000e+03 3.028496588535546022e-16
1.318000000000000000e+03 2.969724030960212764e-16
1.319000000000000000e+03 3.024212844170622183e-16
1.320000000000000000e+03 2.991324771935192937e-16
1.321000000000000000e+03 2.950202670930938214e-16
1.322000000000000000e+03 3.007972025667802188e-16
1.323000000000000000e+03 2.854152214030318014e-16
1.324000000000000000e+03 2.973668127730260612e-16
1.325000000000000000e+03 2.827137823975476978e-16
1.326000000000000000e+03 2.875165392493659312e-16
1.327000000000000000e+03 2.889632314003619429e-16
1.328000000000000000e+03 2.923967718402656830e-16
1.329000000000000000e+03 2.971391520110153355e-16
1.330000000000000000e+03 2.926010542012975808e-16
1.331000000000000000e+03 3.006148725968456214e-16
1.332000000000000000e+03 2.981926043605447592e-16
1.333000000000000000e+03 2.882454201511081171e-16
1.334000000000000000e+03 2.976932962194623165e-16
1.335000000000000000e+03 2.954872893344553995e-16
1.336000000000000000e+03 2.892732379723236372e-16
1.337000000000000000e+03 3.015835305792665947e-16
1.338000000000000000e+03 3.056381889820422552e-16
1.339000000000000000e+03 2.944187213833068366e-16
1.340000000000000000e+03 3.044553790058016725e-16
1.341000000000000000e+03 3.149022161154015887e-16
1.342000000000000000e+03 2.923202695394630881e-16
1.343000000000000000e+03 2.971934253773985295e-16
1.344000000000000000e+03 2.976746851195936382e-16
1.345000000000000000e+03 3.028062930163923529e-16
1.346000000000000000e+03 3.005547995915439913e-16
1.347000000000000000e+03 3.010372291721055300e-16
1.348000000000000000e+03 2.975191335372678885e-16
1.349000000000000000e+03 2.920675995180950485e-16
1.350000000000000000e+03 2.870618537604388346e-16
1.351000000000000000e+03 3.019660737986247166e-16
1.352000000000000000e+03 3.046709728420020676e-16
1.353000000000000000e+03 3.149397466405879034e-16
1.354000000000000000e+03 3.217320929134953685e-16
1.355000000000000000e+03 3.039999743489353102e-16
1.356000000000000000e+03 2.998273729265828578e-16
1.357000000000000000e+03 3.022055794211328729e-16
1.358000000000000000e+03 3.067858073502791473e-16
1.359000000000000000e+03 3.017550754420523051e-16
1.360000000000000000e+03 3.076535495853746407e-16
1.361000000000000000e+03 3.002487870347144742e-16
1.362000000000000000e+03 2.923181636884448092e-16
1.363000000000000000e+03 2.965619705734009742e-16
1.364000000000000000e+03 2.981882003325849887e-16
1.365000000000000000e+03 3.014916643157131491e-16
1.366000000000000000e+03 3.015417519114916160e-16
1.367000000000000000e+03 2.996851266028794570e-16
1.368000000000000000e+03 2.992455024118124530e-16
1.369000000000000000e+03 3.048485883545736314e-16
1.370000000000000000e+03 3.092083138180216095e-16
1.371000000000000000e+03 3.061887462565970274e-16
1.372000000000000000e+03 3.039405704002820359e-16
1.373000000000000000e+03 3.000070352854488346e-16
1.374000000000000000e+03 3.013794814682843927e-16
1.375000000000000000e+03 3.046977766589844010e-16
1.376000000000000000e+03 3.023268221274007347e-16
1.377000000000000000e+03 2.952793054829942047e-16
1.378000000000000000e+03 3.008461780862930068e-16
1.379000000000000000e+03 3.004007393753061522e-16
1.380000000000000000e+03 3.058614021565909981e-16
1.381000000000000000e+03 3.051382875470080015e-16
1.382000000000000000e+03 3.121965744451919067e-16
1.383000000000000000e+03 3.062241283366310878e-16
1.384000000000000000e+03 3.043388948304612021e-16
1.385000000000000000e+03 3.005366387970233697e-16
1.386000000000000000e+03 3.050661912192179973e-16
1.387000000000000000e+03 3.024917047693823316e-16
1.388000000000000000e+03 2.982762685369992909e-16
1.389000000000000000e+03 3.076499479634096722e-16
1.390000000000000000e+03 3.017180811523586432e-16
1.391000000000000000e+03 3.109405260322874397e-16
1.392000000000000000e+03 2.986645593852404234e-16
1.393000000000000000e+03 3.005819704605542878e-16
1.394000000000000000e+03 3.026339879750004860e-16
1.395000000000000000e+03 3.056124076306319250e-16
1.396000000000000000e+03 3.109018527484877290e-16
1.397000000000000000e+03 3.104502203438873511e-16
1.398000000000000000e+03 3.156977398754177561e-16
1.399000000000000000e+03 3.117851229554943259e-16
1.400000000000000000e+03 3.112054340902923251e-16
1.401000000000000000e+03 3.100576293228747202e-16
1.402000000000000000e+03 3.081947809632466565e-16
1.403000000000000000e+03 3.073328399468630570e-16
1.404000000000000000e+03 3.066996474192219236e-16
1.405000000000000000e+03 3.073711611911914954e-16
1.406000000000000000e+03 3.129024598103732873e-16
1.407000000000000000e+03 3.122312757182645737e-16
1.408000000000000000e+03 3.119714482709945908e-16
1.409000000000000000e+03 3.142008234462810151e-16
1.410000000000000000e+03 3.134972070164332211e-16
1.411000000000000000e+03 3.158734424526682122e-16
1.412000000000000000e+03 3.143041213552885223e-16
1.413000000000000000e+03 3.134842470389873128e-16
1.414000000000000000e+03 3.092564881146883174e-16
1.415000000000000000e+03 3.110175942739630034e-16
1.416000000000000000e+03 3.082661455870619847e-16
1.417000000000000000e+03 3.057208894738613340e-16
1.418000000000000000e+03 3.018649435060919840e-16
1.419000000000000000e+03 3.095107718207124497e-16
1.420000000000000000e+03 2.944209515979637705e-16
1.421000000000000000e+03 2.986359772825094132e-16
1.422000000000000000e+03 2.984444890903915621e-16
1.423000000000000000e+03 3.061479981898802305e-16
1.424000000000000000e+03 3.011385011545515993e-16
1.425000000000000000e+03 2.984358259163554078e-16
1.426000000000000000e+03 2.985326191568090738e-16
1.427000000000000000e+03 3.030091104274490933e-16
1.428000000000000000e+03 3.014136580927503633e-16
1.429000000000000000e+03 3.054555241935162919e-16
1.430000000000000000e+03 3.018877823398344304e-16
1.431000000000000000e+03 3.020246431955463291e-16
1.432000000000000000e+03 3.017353547859216357e-16
1.433000000000000000e+03 3.090334696432710154e-16
1.434000000000000000e+03 3.111600674438129868e-16
1.435000000000000000e+03 3.107609779643333072e-16
1.436000000000000000e+03 3.047679403113269109e-16
1.437000000000000000e+03 3.030686969499466179e-16
1.438000000000000000e+03 2.956738916834587738e-16
1.439000000000000000e+03 3.034734397967310558e-16
1.440000000000000000e+03 3.027836590036381016e-16
1.441000000000000000e+03 3.190981311075909241e-16
1.442000000000000000e+03 3.107060366564322296e-16
1.443000000000000000e+03 3.094587913127632766e-16
1.444000000000000000e+03 3.103190591982295866e-16
1.445000000000000000e+03 3.093908852518770479e-16
1.446000000000000000e+03 3.078931628227295855e-16
1.447000000000000000e+03 3.187116859421439730e-16
1.448000000000000000e+03 3.151344947334135628e-16
1.449000000000000000e+03 3.201622635643244741e-16
1.450000000000000000e+03 3.116206799734917581e-16
1.451000000000000000e+03 3.173852277321469117e-16
1.452000000000000000e+03 3.138133169200472705e-16
1.453000000000000000e+03 3.150825302624405358e-16
1.454000000000000000e+03 3.061902205915619724e-16
1.455000000000000000e+03 3.109857927422011721e-16
1.456000000000000000e+03 3.063634725322703555e-16
1.457000000000000000e+03 3.124120805593327060e-16
1.458000000000000000e+03 3.120324798214286246e-16
1.459000000000000000e+03 3.121702830338700492e-16
1.460000000000000000e+03 3.129213455570035119e-16
1.461000000000000000e+03 3.197821094278137509e-16
1.462000000000000000e+03 3.162422039295072562e-16
1.463000000000000000e+03 3.141799246699707939e-16
1.464000000000000000e+03 3.165528502311009102e-16
1.465000000000000000e+03 3.138154093017602579e-16
1.466000000000000000e+03 3.168479087764582894e-16
1.467000000000000000e+03 3.189845496356527853e-16
1.468000000000000000e+03 3.019812947807220024e-16
1.469000000000000000e+03 2.980725713260949136e-16
1.470000000000000000e+03 3.076520822629970943e-16
1.471000000000000000e+03 3.053082383392098509e-16
1.472000000000000000e+03 3.024191132015243430e-16
1.473000000000000000e+03 2.987041300893350444e-16
1.474000000000000000e+03 2.951925675395950998e-16
1.475000000000000000e+03 2.948911496489230604e-16
1.476000000000000000e+03 2.990600308119523595e-16
1.477000000000000000e+03 2.977562896047901608e-16
1.478000000000000000e+03 2.978312577967033761e-16
1.479000000000000000e+03 2.993793217386976735e-16
1.480000000000000000e+03 2.981826952061650540e-16
1.481000000000000000e+03 2.943317298306118188e-16
1.482000000000000000e+03 2.950501730943163188e-16
1.483000000000000000e+03 2.941520889881714802e-16
1.484000000000000000e+03 2.926380791371030778e-16
1.485000000000000000e+03 2.935610665180022168e-16
1.486000000000000000e+03 2.949394361716326044e-16
1.487000000000000000e+03 2.970530952866063309e-16
1.488000000000000000e+03 2.966752834413389246e-16
1.489000000000000000e+03 2.950180414090147525e-16
1.490000000000000000e+03 2.977816486054976703e-16
1.491000000000000000e+03 2.963559872442902744e-16
1.492000000000000000e+03 2.967998914568935446e-16
1.493000000000000000e+03 2.967799798150146482e-16
1.494000000000000000e+03 2.993222913084189781e-16
1.495000000000000000e+03 3.006649697636578458e-16
1.496000000000000000e+03 3.008124826932642142e-16
1.497000000000000000e+03 2.972077861365706823e-16
1.498000000000000000e+03 3.026025259545077083e-16
1.499000000000000000e+03 2.914002528542622133e-16
1.500000000000000000e+03 2.922664953910925398e-16
